318142330953166
503168277054487
829139685616243
700149267013403
745965786527332
481629009455414
474318126299371
123782270440357
440998964519037
444744230965925
265278351672276
176075272339700
528656741217582
72066177929173
459215741258200
754496895929738
183629938677394
266362677905981
588449893070962
199954582469366
354903017612848
323793451226053
912524729518221
652238703025002
396604837699784
790200742952084
114493938895273
484276884868501
583438482032513
72826914284261
262877319464378
836125807349858
552950590837982
541780877587927
87988481805178
879197255339087
41723309820907
317498602394101
895101123631128
521110789110622
394469925102701
66206813789227
556831332485056
312614869131737
534646720339996
770162271148306
317998321433855
515301416774465
186371106561417
945014853714148
261686684956552
986472235475348
659217041172925
250091915233205
838081720056970
144399093033709
212468610249353
833746192529427
12874204541286
777538837104834
890140431621079
494905354419870
469165731677625
392969821922015
501122506144162
128764871083006
122374115336212
240084276468925
155081591049979
930206932835170
171268100578426
328226578313747
489170380317683
372238434639959
357996031804746
305156797874738
683884851804428
52033857637250
879757281213646
159857228627840
743320006822789
93414310803061
951121346527762
74210979926226
367758486654009
21686694434523
51090190471787
84547009071613
998820053941579
345617903664422
66522493456017
930927795012502
771544307017315
620907931233206
598311170422821
64278126673653
880164858787960
126164588129098
965763559339245
959087172440768
