236115303786815
363453648664066
943335582193865
287187377413691
892958700805078
47814450918814
458335822986322
451988807966380
496256427782911
130405364698376
658718650111696
545982265696812
648276706263208
613105768482795
782135286635703
41993207904780
351439906739084
571997456698744
166161455485473
693568422972205
13128138875449
103257251686387
328839985307627
256031637149590
577131706442897
825063709040242
228098019198317
429563165146194
578829034357404
536038913663373
940789623878439
70430196309270
2915766475243
50413300460929
897293617232346
88761900941990
48243272173164
235039445259
954896832353763
814362675263909
277389887875149
500915570017747
776242577591549
791571490744229
111919739327487
607941152022572
997672548387249
652607842867952
503709867642028
816739318041425
333645773096892
712010043313362
921476594231345
417821732779940
712588270514689
315077248336680
541189772582907
37199928516923
421580498667870
833070992772136
927973391048164
919862599455318
790982376807237
989510505000728
19592860512517
503262363451107
6784304998582
430499262446834
502439336547415
991540886188065
353011931191825
761280970332889
570165988621660
88226740749790
953965729992683
267472087994106
918377873217947
927345569816016
929238755489964
158871997379946
645454472392314
213870569908678
885654271543194
607420238006508
13860033444932
912708433957901
916522771887745
432815906358569
342207953069495
329419003937110
673693011621244
781574755580513
442725571761595
100113407514575
57413520395351
25745676646814
416467871054402
810756869487440
782474918411375
360252153369897
468335615599189
120860595723242
10220460293411
313509269424127
799610220277050
618177866974483
522024428137064
695196289310913
239429469505209
90850477780912
87027532452643
932387161800723
732836691064327
460084884005890
18148956995208
193002317423224
432824463604258
235540502809564
324044476406151
259839397102132
954238443772298
160124371314838
37735340037155
691786141863948
575945310131
37644057076653
735159333238634
334107556534938
339081570503374
847119140914013
756345565942299
831856838583362
744294416133907
826575376436405
247733474390964
9987973998972
981438757725877
355367271607435
323699872018701
259308999991064
860146058012194
619428349796982
348249728772563
874800316577134
154381406040407
928637004375592
897873388123983
374922637059609
953222749970287
389342917831210
900797689876648
961528068843343
829133052532084
363981769449595
150293285097018
148793624637774
656458775950034
476853830293513
181066818773644
689872203879750
797480173752102
621904732200054
993054557284573
542183308201673
518608043616008
357595511834599
734965652199604
750172890451843
883283053944954
740797237755762
285014543862715
467938857617844
455512467933267
790624941384897
19266499689651
345259219549190
650759000342409
438623670483397
805106374819777
592506561573519
221517659942613
581469473954111
355406483341859
952263115118692
727670660838400
894408426701025
604565355274689
578165166038233
171019233039173
694353851776148
34458096911504
392162787727309
528931543869495
665146933189726
427409665415874
857636932375343
12350992252790
838084340956530
862876743338649
214052656452631
649511911993814
220820291963257
970243385047651
298363883514438
536502491255921
423320604851285
973397580609997
515833812598628
889914488118825
946527164672912
549554172998120
565520441888347
398285623412942
963267211411078
125153372320166
962803810766682
271917878443234
915744996080802
744770135556716
316927123791322
993705200003307
2721550883440
491778747291465
484351935213223
904222946335634
221294507113290
155146773418389
909853785589428
891062286803745
680692984552375
780259897801000
277003938149897
17052675571535
247514153697214
600944611236077
850226604720808
480051373637163
360990596983236
114070903121254
450783912680523
559625669082440
214566913885876
812085300001967
882570074219897
183555495826927
105897229094586
905418081719679
549089971772938
941082702619969
244433658888143
857413450846165
910058430710437
460317650304817
313099595742796
480838542701591
372164747596003
297068590237036
511714783683708
170625667304976
136797750597945
227160237962998
448348993985817
668550504613703
468688689058506
186030934104890
723110632388581
638169022948682
671357493460014
481837446228536
246853829176135
557346223037523
132909927579879
119177305534622
563462950624303
611643173675350
269191747260699
488339804575775
783267876092653
90413305915480
119973711607450
674697057174694
586436497207938
52145100082750
489258351967947
64843371905186
108857909287240
810159684726046
760063943054559
509226523471471
348256239584928
14777085821281
366454148344067
471611739833461
765496593513431
511125519333220
10523005918356
655829847945144
558210906224549
645350380045351
232051169714520
864700171779459
129253045386499
658636613997721
415171185587502
808439696566287
605254993657357
152360220230159
30822284940761
528957294848120
865843626143809
202062066863196
781995415895146
565176003292925
259549577040592
43353017345992
812819680213191
558504107118485
311595470523447
202617820671557
813733226552787
984234957480561
854374390688538
760893087022700
791865465441775
299593071084470
698491508451923
595229815223755
654694283476246
350151858390065
595482741248908
668644415191915
640619028800661
827442519449513
640399462052892
290365539295690
421980602447849
77162876028027
240764411331614
402520867074481
755783922792809
826616076586504
106544894791991
939258094161712
594582812001355
230800146552446
561164154624080
670377182354724
607906282750189
664016488877796
402919502730222
845257051224695
925433725888694
260318705628098
491407095359607
186854792820493
958753444357453
185646435131149
254928113920723
378466298733398
860855874686416
374214798960571
725603621455693
970141197965055
310987795280648
750990471339741
433772586412055
124245878180491
499892334428086
355029585330534
624560707770230
898486024611927
202525140041054
785385487747760
580756670065090
460321937125889
240584254457967
289359054825861
878665996341471
487388257037554
695072857293819
469522985995920
552915245773276
279524178150679
710592957146681
51592896861176
720905305951743
758850055025252
824433054405608
718475786876576
960585873029636
626404207959675
246245269287485
884215455043171
54714036910923
178308431493831
331769535084822
595888772880513
790488194294039
844829630794698
498672610667128
340766024891996
624381062740339
504775128350030
848828364600494
635793159191697
968505904600724
871730735712650
784257579132333
434480068792731
360756720370111
850317114392636
714255231173636
163836214341817
895171095752372
871052604601831
732744664076500
456950131606577
892214959597503
199907415149663
136279274442559
9195954548750
823665916753085
519923916723823
11749434762843
623541568586721
296837295912838
914480048428364
552290054343300
312982759780417
432681426787478
35493058178946
150186509267859
327196782777521
622157284911367
113275090662427
760976640509235
739324452006392
185770496270406
887130680646789
759004539657526
627369524975880
342873421982255
905530008987325
596269932991689
629797676352499
305294552152961
914178005807918
402440374698998
263294383694419
259267351449326
376249573245919
802624073411445
153895974773190
32188852913456
217145869169997
101983943105058
65505503773297
385314669111258
986479521411562
254062778263983
798253682251310
111714979761568
821638724587390
903594107483568
717636490772182
221997930981801
925383770305558
105850825792348
759553594893844
532816910391616
147762940009318
413916632536860
841801925421449
223940564443360
378209984317583
583246096150907
773238548174840
591479416850982
814170903128077
946115036763389
416322894613562
51042490069111
418348118266753
723106773687634
475460708198191
920518026673327
279324549070587
327085091011649
532356145117460
252398671306660
111021446179745
917656898594485
165565842325456
127923438772313
80988478808861
527197776309469
17754894170805
350758234874718
502808720206849
849122648613421
