429535047964341
664525860828998
784539826896192
655561248156294
675537365337254
777085203004615
930096494304544
771800316181220
11810657826410
150756369316631
344357045243428
222057963319053
917839789720077
743258324199152
94595488989023
284042821233705
967297521971623
734503202007592
287265181797837
23131407999951
698341642318919
512550293127943
442982510102331
295746589139584
950865071644247
495246338747571
979906473297446
560055051392766
297543281492314
82076320812372
146327526210430
752288041400269
56579387391910
919869066506537
963059403339868
383329674641854
354406565149936
780618711496321
228231843874708
157311320368112
232987109471991
556616164638393
883735807230793
788602934713743
818917145268707
866489004140840
469786087650845
772903592172145
713159678828808
472504878924360
932349327055862
572334822036476
745770642447038
595578793419413
881424760867001
6519777626967
552263776908334
286838362027453
27409306607563
103439962402286
607576227737473
695156270858807
531419220000724
729548363033671
225282207970889
857877497336643
987722528146185
971172404124201
986764789634686
865144312880063
284042819506520
315076308557485
242797965168965
592341128000954
109145328718736
209445436113501
421371677379015
867449204779164
463969688799765
625732148937474
432678142018147
463779295087764
787569678978859
194179277486342
811602592473269
859790391873611
209002661009799
494753458436167
778370888323152
898779273504260
755668122282170
427346214623586
431606500210975
61662324043622
455068525678663
940364995487381
919451116235441
207966523988043
629004502690795
784173876285648
994818673328664
304096836612777
737782144126572
612106944550168
146816185377452
395744044718281
985765787555568
558866134243149
372418608249200
322931038239731
313620537600233
537376122730794
650078132028689
828916787150674
990908455041109
386073287737530
90946075797547
976267064823180
234094482014067
118330362867030
716992189248438
542819928332983
230865924096048
242213590177138
979455855099487
691396199398901
363370436646841
799405777901356
748327390811699
889471455603332
670071865076818
262483513230364
194497966017043
287729537662526
801164337678684
606139497740339
114905564191931
619639773146327
788630684348606
772766164144151
266555267996351
939722555781024
647777935025869
318633674977130
614221213783864
691520899391559
17202280724814
612390795172938
39124384181662
861065237025365
743565888695329
917530296922682
53155004546861
587993046873119
271984300475444
106494181276456
739082269173073
105355587391900
266401689464686
378874851149574
296957416129646
715800297855832
377513691764578
294751479645892
866044944575264
66825675594998
786377157487761
16583718847694
765955642867741
440401214119659
22694311025712
4869457236703
943203947163030
473451148476451
297939545025792
259996403633023
429136343006052
664094010603256
711901849454318
756366861587329
83822556762195
305130948243535
228989968054604
419206970395789
268433159002620
38552723357883
169917056233835
518650569167115
590502080969284
503684402322483
843389492901645
626906047733771
763741832665139
732635185459021
485361829415480
341544976192866
858969501337939
191677150849424
656495226451284
427266818450069
82420764946942
857566181937843
424818534958558
873744330352293
468620922720066
847297859855184
67034889769704
612801908831862
350053416820472
841133971556517
300465968015663
272329460032798
445876558720770
664935493807465
564999652637336
925104666054475
829855650274060
233752699057497
594858465995660
977211483234795
559575291160268
864998816647025
187839516634671
442703366210751
628733259743294
23493461955625
885311795935761
98561242325344
934845375155415
748914994395619
253987973333589
293262441624002
978215595867811
612838999090013
148576637905993
335048542736070
530963243161772
385274743024507
181295642255269
312536695212312
200305717979255
590788940613099
77904219630578
466758290461011
668616770091572
781849098133547
483636177171674
462652561207249
800882147304573
245631687315758
882197003281368
534357520213019
170992683872042
885657881433350
57312933259407
301356557085851
278447167148462
20169380817311
861296740932021
718993806704337
393382471669239
861921958474427
897462488877383
646029552096491
26564658660395
437116704073500
438328184318614
903474503378596
289886450617093
609848680219023
125072025241939
777340387119374
614834720434112
997315201638057
145661536574235
923209406578479
448082472375009
307383374660694
216934418158995
8974702954239
354946844231790
472911964338189
875992525896343
48021918235678
763873293855727
121140974302429
921274345847797
250046574330013
783790550317833
989599088731179
973500603589223
141078710177556
73705458972320
110327037170868
66579562014403
495625686319377
119140984627266
356002030979327
97852232231198
922384402568964
888200459009606
703253616632501
734756897687625
196902118825705
999146478877463
756760469621243
803940536303277
365293640695610
984124165828389
209463392816415
502122659122437
104859702801226
654409439310850
635063396358556
386226999773686
319767881150242
453815484810479
596026221051678
396682232031922
643379312298470
489894026278791
586540405834768
203855575101134
718838784397930
49869277862953
884041779693034
901971358036593
819173610966191
968939197270831
525559395199421
475903176599210
690743401271402
908995791370258
630916177066616
262373348188032
42419879177490
420220753372261
845627230950762
665449239396566
70515426492944
91455777205643
912121059202091
219488281931131
148767866317219
609205451264004
887344694128741
794419251382631
45367841423630
148644545083565
749183814377793
474038577167897
456053886209292
243932125825017
887177236242819
266103314050182
53560842045895
620368920193296
427165319816220
136036340721266
300119916196986
309649416317307
779571212290072
364123756192198
410019014404802
490286139973704
546936907155209
638964910509347
912993408302
355216673881724
825547813303714
513921325040026
229711156626483
948810051979498
819165735749151
447910498335102
446057040763954
355072993515175
293342062284386
586845839710801
75853440988513
640138917446206
260333140221547
735934227906850
63758521623758
849712029744974
752039386403790
775082202639167
496434696517099
878292452787967
782430015062634
361270912759418
725515840871018
263925237505484
856649469762906
598801736946739
705472113976487
552913198952053
526985110345018
746747244709001
470358006908413
494954925970847
447605240413268
484437675261685
675149291066628
576157464174572
251634554322519
585887553866832
449550014960845
800630484434515
220432704935315
412313358794266
757063117770131
851507630387606
929965438831770
158229579108332
814612449743274
716344597950357
355923670812782
578654095408739
510367258696846
335019248980440
749040535314730
187491229161485
209426840096729
142438057914848
107461294223685
609703460209047
54126201696812
638039087634972
949531778384064
597092064599318
552172024556360
701266290260071
272899211269095
720909664800412
794801343403744
210074194478158
759911700696792
597672982192588
389486672638388
84917855066864
295898846207373
294284547256056
836883645449161
129950939923689
841339808522903
292965384048848
65038597173462
912283887565385
775052610109515
294004851524477
548491115270762
199151357258670
964467801569402
142685284123358
968447002748603
707877030231010
964753691417333
334328842771823
443908926834083
98485150101051
610828198502183
864704914468353
58729712581058
455193250027758
706362966908229
195357429940063
627163237551116
538130158951766
585776333588243
797792074228620
24503317346428
460122753272750
695247462958423
669433299887758
343366723955145
246511230179594
76779211141506
155318668788315
66790845550495
419991347765754
591117614160661
669819012681970
576438380850235
101184352442091
112024221480781
877668558651510
515113091434337
885258298983742
178069675723740
871434918319537
455860402890691
999258260095987
101837886593382
545652533318669
965969719041475
523201305931545
144848623928066
64010659402069
877736710761316
452807068285085
345032609595722
931206942005584
312413626572445
75808145802680
116792656433668
210672995615016
933299488263263
517102651623580
751640912045339
863272865116154
549280665634110
943157619595121
663021442734474
136947481495115
210545689763929
447548161628911
291853843665106
675941222134701
659726615715991
478230019696396
532363231547161
310698351066960
245438327069269
610270598261716
266920135697993
934518381058405
622187425865282
491864018371859
705917020022206
604119071907185
230237185425576
844876393138527
997795271134756
100460016625331
327002076178321
70502584682058
388694634288196
664772692043009
580822817044446
81955965286085
942688178207521
619992851377419
864462999710813
617433712947794
797658733131831
105237563490724
352923012528418
767808492208454
980306260944514
389168359902711
933394071635729
614441220892503
83115984165897
461494024429233
245797081034919
226915711275125
864291867185387
272253706368142
779473929330047
146585514901053
733899565119249
574492351913
61184252722747
21288112796549
318404298767893
691635498783645
674725346271364
537524757107417
804143112259492
672832309247512
187808617541179
187162707515496
838678477752313
782577878948016
407205561058060
420339433576593
886151550305872
557505356594112
291328160563806
459407604171187
665585053257949
710735815791711
180035177796505
533335448030228
392212748134509
518324564832478
948518109567826
827349445313632
677449487348856
777761198544561
840162965586304
70440843882499
534054256992125
583690879060337
875718801872406
772045675564608
58380556025441
951732601047471
201869728874615
182727904155860
784434124261792
906074275080470
214562357754117
211971192549909
821674744443821
498990747900772
90352854382689
323186920254013
501900716946321
131500900587375
9736479728417
531287417050584
245343165971443
627803566801160
397014998541591
752426461662982
973552675619622
908904198183242
740267274884726
482264758672905
79853232341069
680806939136082
640191936330549
704945871344803
89403533143557
682545717352921
950690976633294
904056747261591
411977338592180
562011446731922
940383416387574
764717987787484
732917642906851
728771039473464
113685291332768
349434798300391
264486349057565
115109291796076
495873259869480
33319742603522
937943444618520
55952957661271
289356929279905
145572986122181
72021922739378
174836147347824
388524121975133
591301925974620
686521316291952
64301022367762
851697144114805
337596820912775
584911559736949
11184053783741
548968309794944
77096997352828
792955179352735
118049248620409
135118477547731
885697141065365
890077640839311
563069581590335
539054007649213
966287268624852
502641733973330
369580001862208
171587874431923
723943095299865
713350952768354
531827578262984
324728144364105
739036265482829
445662923254164
620886036306931
913317019392528
885150866162397
684043377100653
85805225024734
226808441681711
860589127070299
313466443028897
629040258673948
666870390788436
648247541508861
783015609962940
573154643687972
768515716257641
514146905375498
773898959435476
8965091600462
146550817217499
478222814631231
954414322212669
250897326376717
393949334515059
505970985845050
729690451470688
866259839119215
142222943151358
570996720543481
895004522136080
292199179060985
982821906810948
231292992534396
550651719181695
739664583912904
166327806051392
239476515593987
298046964428272
955256633890495
661042799134091
224004264293189
431069757065466
480224015854485
662416476580084
265955062684554
738441437712060
797367326415570
728661254688974
57506974551128
196556303516604
699887844820810
426514441081502
994847221887372
453657468773528
292484319277630
513690665802763
659958307907382
88962756309784
514217273945498
699022601078069
289197299895801
54876919849539
436681592361231
335543766269218
625113661359101
836520239615685
382332367242733
10209225421516
769188348061499
782907568503744
590136991421043
210930031071874
148524051185698
163422994554022
78451607337645
887801969535723
739258992696873
866991316142497
929507005159652
47334340959221
43743042310184
318393208817654
516037928500776
738276230204662
82907829259203
582198462499042
94646527599981
164724258035353
59293266618143
77499038504122
899438588099011
990509285626238
321490738055124
800676682143860
413602596968700
435924049544633
625176537794909
272974231556363
998715853728393
358727734771465
98212115409853
452097002218674
768598008150484
596606139623891
449760339636506
708175806372794
595845800126719
902403267618482
415267757462040
444795728641637
725630768699556
372750616504745
406741424876105
92739630395975
440991276165502
748518165323459
963492860164938
749806447010097
722671922270041
650602424924684
848530004917534
186856496706955
276688964188758
272517130369135
326505187723457
264837599439559
716043451021900
761981356773083
597605335370758
203155524260913
391030948091433
653878572575970
849185855788945
32533131266867
549028530765675
470488897600868
650019698878733
606330693837523
8866482335514
874830762524950
134005336562246
988440903851917
249755776199469
155746817693385
485489522955230
253257967624210
165840722611685
392541738525985
248331651525579
245547642112849
299948036417372
47382362353851
977240828929904
449370579974966
732325944477463
827711971152513
758080517766063
657903583711521
422890480469806
105504004026301
320422383916108
910570884899200
297115959319868
828023167041058
596771010908726
798969603969800
305934177204696
427475484623321
470287818747395
866595984585454
859390041927742
221988891586511
834644238151755
477474695773664
224960569025523
595143233162041
225501697464294
921083742867633
937876462410628
98286602638328
537117479667034
215818126432896
423399588513157
238013807387396
893130181457406
146190755186116
473934553463282
506741465044468
793515615483473
246437108755115
107695121670331
255533034734089
252367905911819
530763485461101
477483847796582
601011296386614
299517294134503
385857321588811
803416733053508
258749895150409
570538970607959
620607039614757
408264801330878
356282329535348
6222032017933
878324043046550
756507465056959
298755666039245
168346640139790
683035407875775
851020101033704
975921938654820
930305076000239
134276559759819
735101106056131
692331196241957
639193048031222
612698151620584
647429571115844
732180755017540
770974897653849
59953303750718
212087600944186
914626191903709
301957453747773
513630986716333
900722070881875
509112929998199
154151083359051
81024224941094
889889465970696
967774332017701
905504116240746
741533502718261
797216327750748
315854545812447
214564159733620
700548876352691
141165688691739
923615297051606
481234821544456
678971431893001
71595358144973
797023165494326
428197169965382
557217098931548
199678688087742
619267494147321
607444603823842
23371541193517
365300980333273
70638645847272
854443281876719
821218907612894
546355122272050
251667620900084
637473268521648
456755168535093
562190509649852
43077313612567
923105435260932
493457269127460
247910171715137
989257826368735
152791379982662
587855064336431
635253530191703
680009026633862
42321092406017
871660004426246
684326864956801
670563925423706
137744665271121
695563560398438
62952751571815
831574201201050
79926853347455
768015423452734
586758659575072
915712659597550
592052199071027
44026156861895
349377040277118
682638947149869
731356520842400
238919082470859
678731355878588
275790499791910
22474457396894
201804676592695
496214195102071
209971662046962
472420029507680
941203687181572
584793311154561
8097121030356
951696155301619
186099087525983
358620566882041
93575352575468
806783608028969
464943356167750
551938014265917
331567430193063
643524775250603
473912849310940
475966544221037
311283977557626
730511654112332
50201117996276
893692790063386
526557506881501
582901838302771
496074287956873
150699776697329
710578543188871
734672452388624
178149457873958
248623050449169
584765042576490
783922106476335
300842707236577
821392022344786
32937488166995
703657181538627
462553723416045
203572096490797
940518381176156
20020203816728
386051353647905
57437842357364
399396757798242
575101345734490
966921495087987
863715015844072
491346874186216
110942514490602
423097418206905
994937801752658
517272810204346
555432668094603
460525860813020
515326762257829
411220165081806
389249190930854
190938294010386
518255950909847
969281689751028
668374041539399
503064369938389
190005086927684
991501026323432
207033520415293
967607340722493
55386572610884
88771848130720
877598735122227
986383200780187
266794855409469
939944783425213
177711875997152
177962995334176
298606512176205
197297440236274
533261936101645
695233086091758
781210772731900
61367459476093
636392416982209
67164144156988
152253157200771
842977726219906
876157230049314
897792599049663
534436359879124
451834109098093
128443497550433
198938462437064
780271735552478
787545487523299
760944533447828
390117406462418
170799160966544
967221478867893
826679220352734
493754939177075
160699764490938
619685021048896
172710689992265
689099115994361
35201147083898
137439845414090
974477917467244
191264084338652
521250630852487
910439891761899
641154458260048
303508285035638
55803201865047
502311944572437
347465600715065
437867773214718
81479675228780
722314078703259
305944289295007
346751346536364
100477167738740
383162663181679
761979060943245
700044532772660
348070566594771
196801011039134
255659186844310
31270483464859
753113050699350
362216344730776
261928291069600
953022976553375
441363818162877
465859721526151
268075652624214
402270908558200
163116972176242
627137243064491
84501037126276
35470605399502
592782125816215
92626534029865
847056041228521
433142090524601
726074332494906
379757866198809
998933235230826
63872572985181
458077604911858
203354627739825
771515665002087
208057099822950
152399190456935
599199348127014
508930788253381
76200185000477
968793654004374
832127441582309
37515502031965
685198970299565
953531616587544
835949448707827
850633205101950
385291623854848
430434055937964
463980614135460
843318856837811
252672624110237
805145616065869
134726400122720
715452324787412
733967565083041
674619277434316
591296281140027
945761991408928
321240705322710
22981892827571
747554084444208
995299321455599
760129727462395
235933990004160
437599219393380
971811436837447
394789853209664
496744018143189
358771134162284
277834311178415
401382034808107
148755100595194
808567989079297
534977466287372
214564283189808
268474283639176
197644772767640
38200153359696
725322360408713
783028046600323
664856834954725
486836937354459
266602787697831
502189326195369
96287316141613
5106715486571
739331268341407
696325282544143
534409932282310
363595573724454
157561952431785
302273802662897
323951114891348
167532479355725
705243591139209
299263465137512
1589436900258
301680711817217
460948822470427
759315256677725
861777978030678
775587903837078
404273972103266
336282546955978
319924641417735
25822112749106
67069563227341
976536208644849
320222656755857
163625821696263
969639089755921
591803767342950
199706970944741
288777830391062
322077593210440
501972016827501
275065182897379
942687400160881
43824592381749
813899859150691
395411181451648
465954208984493
706711823000968
758919105471846
202173777265055
187730759633687
111665655693831
950269774991768
223762948737437
237285522312049
305563640179814
296442534529002
756251072159175
920386524015171
357714403184818
103436569521509
504545028228630
517643062478721
572479074486683
808889345584315
921442061399187
743825956740674
703084741424652
239549850757519
762461313348810
982361604417396
898279495793225
278251820255493
993612861690847
636855418472388
527307324047124
427990708700226
86055721930693
875708857484045
600197764597583
613319572185912
597623432148389
673627675980465
743732075866741
270083222104432
19114397834121
730009125911707
610005710548409
297251694032994
780502458683687
324795631004906
692700775649331
462259643306300
533789066639100
514775403845246
174186468765086
221633647258446
451019109917720
5833762761225
551608350309853
893832842377606
205417056416602
296784447031670
355896123217358
756215330497293
208742629103207
207782215032362
874109219596534
986276461336925
406240977224288
95431031788220
248641838583754
641399054658269
432966571910047
526473765044510
174765523212014
690925470502924
930471477263516
79290386416838
19404467243182
334452626018412
131941696626875
475273947732389
994123974926179
427597605606976
429140705273534
149463274567925
795871584625981
209340257418915
643566818162357
268288129555894
208797840872723
433527412969468
369031324183312
872908083097704
902682139303761
171094780207723
865266029179098
848665486938707
253573053838900
666269863047519
84547364698094
925810474399491
634331282028355
315532142063710
538139206469064
235442503568429
102437138808704
302401433392117
439986434262435
573434108778661
451807000893724
424538179029497
756391133715177
103485962337598
134673595727517
433950212275906
643637410210939
761700306376168
209206824159452
732753850881771
404742931941156
514279379678195
219147148742270
801803735447445
431601935375635
424522632280876
157221664735061
564794570063092
226827032199261
22528267618433
194977141392209
798572548003832
112906364378749
313491953247587
820276201542329
945033635945798
681451670873777
566294134859581
976809204065510
551437449789599
276031503045148
842417306687509
838966392415302
316076314923855
335429864344870
306284389559029
514352857097207
973371929287095
273322304318054
979515072121095
560549847898040
651414401257215
72473519058548
9960406781611
65798105560819
464578403318018
678828083896475
855171806254097
727484145538984
83196230266866
160799937505883
513589985550714
577579937096389
377600213023304
139347325169370
336093917595664
217091396908295
921554021209522
779403671014411
62619611554584
185684553432707
505554622225680
172771900671866
359594786135205
95274450851540
310194466526031
791685200645898
77411328452965
546964426425329
636551169432545
254366523994688
900988827738576
454550814559654
842698815188784
715471822424280
546728922618922
794171775835174
971980935283607
813841525524964
590496313480765
338049788022568
124366265736978
922850488602258
819256356076402
49027346297303
324954245062591
864217234430930
618209432044442
600307590239443
271205343411386
905091737919499
216319769628323
454127995671686
860967153259848
522836160882107
376054316237510
38218202138269
954971935938065
147015949245105
365015134028753
379407022748007
999710252529661
852795122112389
302546575847859
827308284716796
982578210328735
382787009882147
115892502580593
607494714418391
723269761656046
225582475280549
877592472266716
801401219660749
631557046847078
513191985670404
402959137409741
682146723595739
746824275021208
520622391980073
944452785706585
391880038160109
597763305449144
439407315771939
23320819322969
587138355670220
208870538941111
492152272058483
759611836900593
653094179773454
499958778781928
641164465077582
881627817036497
262488162910615
93178688825675
90943041544447
738792744716223
19897197421378
497692277357119
216756854324841
557033005233428
128780740445020
992380848306088
687475066208308
336767882435620
89805166873241
5844509005135
690671311672048
141141177414158
953710945125226
55207545371695
640360478222126
335051252837417
286681005703913
6488742890506
421952737167820
591910804511093
751403781388969
333019703019708
941088127162557
178594581518523
502062693972781
926074606655931
615729315041337
417424702171655
898396067379659
683169456693959
834866154536335
672853180353982
313929959459267
507465717132296
629239258870998
330944570556439
823310736460630
232184139788385
262010430950178
123814140927749
900082834250647
681659817940653
137432878697166
325986514843824
561466520964867
864992183695259
593998834899089
896826671702929
390225152823911
81090164771555
805329490319998
871377708229481
31383367128357
466184275016718
577242418986756
562454690209795
282108721081151
200507703992188
772768247536741
305804659316615
891473254132574
414440744468297
747124981124618
808967312151136
914153654994490
637197912941010
715921876018946
466410767182437
18209172608719
951777498242399
512245992602711
840575920957850
917846112317625
243951509803112
619634163925912
759996819743212
269948872219960
430235388982797
408878779011822
853753240989716
43200304564220
590889529937601
959196779747163
688221756610297
91879211142576
23483695519819
402103287602628
143409110877616
53495966361012
820504756016658
338152553120326
147295927413231
712865256598224
330253593278893
568007204616818
209485881495062
292164313883807
717498710370006
892322706161687
219434591967186
269302416757675
202977261094788
208546343285697
915616513394278
481593583544283
387328483270705
635539099384109
62206522490085
882462761719824
398276107121846
777863551596081
711520915548493
3082256555321
361490184005970
332373945894638
474041157073152
378640643319896
536071242400849
126680873432876
293375713347646
892855245490538
264300123369620
696477373415266
808405424423650
385260574703679
895270801732819
275144803462524
463636073692415
52977600835444
34522298384206
426322958010499
536187957935893
415969928546710
273949794683626
103913472596359
17455152752152
770953282790488
88801223073424
614504077550765
450376905911300
760514275041341
895869918925888
15928736623521
51303037191871
414289334888206
244922662784968
300324130202487
933192837119578
679574573631569
546246376988994
512970952156948
810936509702386
991528574439122
804661646454875
926515587061772
127068300887573
60559565483180
956869082166396
282096209704392
883371584395296
274927432689608
207725362757618
14509928259558
453356643456237
452314505638901
220781835264146
832581319592182
529906892846985
689611107690083
727690608313969
904391616087778
37253959046869
884216405653900
517190407645073
896937825085147
698464362567025
396540350132093
554510837983400
147354719951027
571089510883905
755258585765455
698308405928439
82303533043601
418154728164654
545285432171501
62708081550706
405113339780884
225544737445673
9005657846475
731441258956353
644342306258494
544998848715280
610819054532084
61757004765707
290998067780639
995212960045665
903732613379777
428307164762054
150052912987545
135385690294070
791213768493302
610349127901611
440402967092926
216786924143497
303312251332096
320091383523385
352225924592982
942922847372203
808138965329147
705807183457651
86419975804298
456735783663347
112370202261359
427077784089427
870615962971570
172108880029415
211384661317107
898917802879135
907857483012694
633191361714986
56166746142533
652405483857590
787934622948086
411536896630407
367541080328405
857948355183373
11965360906710
708260904057639
618888510880773
548554424634703
750423138886061
652768515626976
926273488606743
523427533035439
677214835038198
893616204653848
703396579906450
497558322982790
813737455533212
718204910183900
726732610546681
392741196042957
26883893415960
714400967110582
413910647959216
212121877197790
561352878459117
506410934354816
886603123978667
251067594527403
991693260907215
969952490531813
802460617718317
893950486046117
545524079461425
636954338378190
581566755928520
700694382367819
300808927226802
314442116274377
830987389442627
42257203722017
962845032921339
580043963669214
246091323299896
558069214199591
346799175544006
742892131101138
535580251335993
936709278504780
551329708387166
613631688249792
464471343795288
557468155901473
974409239611482
543963638217855
599512037811501
123441206244350
562937902251378
545895213639111
377191291460781
579734537584508
737454208306333
884886658910681
295459304650560
976809592694946
212698642579143
880472481385874
43153674259746
459581774984347
966313891194253
674070803528892
324567915636699
636537605799482
158653162588101
16285837598714
427860166686785
524883041864227
172974786566580
156386768440703
352489405967194
85722100487894
932900384518079
706252726227263
734033928018957
480042586384319
372388271127910
40443186126680
336586876557302
520966401374905
315014494650589
819214889823049
310497972566213
225587275419338
543346151451697
454475589618629
271435040909627
969167627654102
916271693931181
590456853938213
249263978206609
748762115318969
620616690793225
615130832945286
110880238793473
437458050415342
70645644108773
178288528438125
161178340248436
411177707546838
775535417174292
656540459854076
493761784421609
705748062686513
465552036263813
726626564882415
990268236038724
979201736213082
234690610700028
988834349892621
863552097867109
708487762207720
940198179103436
685498636209201
768907501350000
26638589930990
611823993511568
651441396847343
789003423122838
132378294090368
620191103629422
617429038958268
580925626863761
912149682719416
532123438715185
13251702178167
810835505251185
479415008971507
223603672897010
711623351772962
284910065602757
374303205779964
155321948635937
45635571392639
139872390334855
818763525406409
528586963886386
132651661170065
474803147898694
336890308404741
271231379395517
34548272343418
117757960331846
61430039307334
570045962910266
67349882195096
790374316018464
953043629981240
984010289860877
645413413088104
313624740769062
622216440345173
67618183278386
991341863149876
598253438776345
358994855267867
346065794935275
21760436342965
320741651362614
683142522631992
526801698724760
851392866601596
245914706357157
862356352983548
598707584060613
699826194396725
739689947731338
413626971409517
814237685160011
144655757838868
791609065385219
418153839478543
237653661488776
408704077683331
385135645404019
322520090060632
878592338650232
256567410984308
104768677794
966699818826303
878288518995354
732377322092926
36927304628589
14983638233204
841691964562632
57762852519627
394295649739877
822780503292100
398206201703671
324181750191918
44395371738365
595755551908183
627736751186607
247205650598818
206738023325387
526021200431715
867394682161679
643786441283079
904872061350617
932935622627229
451478256463086
319576630719426
716609798628102
862321196304145
734565355243414
534547476635647
297803272033897
351291232481365
499661522507371
262990169144148
423857831172218
137133708718451
808057836902838
115600903118432
151037993112159
301111554197336
101745910121938
402448027908555
29340273968242
332941503083076
27855896260773
483851660687284
420747449804865
243672323882191
511769482688394
162617356033466
727020047401048
650220323855153
589410156368471
664174239858304
828202924706432
260528096789558
187909581940573
14193393348196
330106082691166
353018999663636
89634321347200
215117778959668
203075369110445
620713288139591
293714281714846
508034751167039
991595302761858
685531873899648
581687008105946
615465969474144
791171871156729
536727785828808
711482905214447
534515807806670
793568037194744
485015008462436
701252529553554
473072704641374
704673425806242
764155847020470
64450206734810
534702916584063
781992738516513
863498101996643
777786473541310
826899705331317
449092475784767
225479106074542
94100370916286
42780794717193
374942757860313
132759741769205
87897526652919
18863271259063
546796044285468
250206279961433
430673914954163
808994814648459
933924434406507
23025494448396
237808049960855
716161475216752
471733553215529
210382057715227
74631023880228
433149270545767
158657505310587
618197561613635
204965971792924
667486706534517
271040324098934
686349621073173
463642516625099
387729942909268
497733613426862
987041628779482
590201132223701
568139289937283
395771855879036
299602717636402
687851365877145
340585370822865
933955660743568
140036788454315
576763708981579
99814692440786
456143226194379
213483580184133
463649824327276
79742726523208
112455640427202
511751377913278
386332911308740
759153514334510
515506620116585
224910363010093
852734941975979
873116996355324
455764951591918
691414462747921
469929915085492
447880381698438
936088708914886
972781801506383
402232624625581
335469799304130
299104645681849
335333140207130
203911559696731
132062289172062
313030054336537
859887842027757
222184779791702
802049299150118
935254177412753
86821046000562
22646569602615
681995172201319
98028396486488
830275082100522
391666092091039
344038387673550
422880430004332
594582908615446
472284253066665
867008589223056
542368966623794
400260384804243
384371946773065
725775302369415
962700346477298
213982472089603
328226946428638
167081754853390
394985050800598
610691536515958
308787630145916
426311695506584
651454117757523
459685793927153
637646848504193
209224857501321
810194781686772
109558281591839
884119865335338
416131952849438
688292244595657
730831242809249
360880864184807
83697642954034
451212687670582
752542142367559
536989126221126
827804167528797
386054110174809
599258370058557
393625679922049
580107279503470
633537912146483
15375194052835
105769208568600
632759585656219
304218433792162
740291097368344
245262696491012
761565370621471
96325220838520
68149260906013
389868943270725
21689062045261
57864789516949
360421042317843
800109041601363
870974610540920
259356027430807
7644419356890
645578278376884
697291472387510
322645453554217
917676345621574
916180972175257
398676710053146
505536290211811
636035006996850
868719876985373
165907431631833
878845450157431
215736148000835
854019859423901
407037461460730
829771770228759
263382560505452
458218138904205
168724423848459
818728437023234
224087334132879
646474999155704
338791883153866
503582476114061
329677597967031
197262757296305
702701468486435
808755626803651
208877413611556
171553145084659
973948177932398
246762942523513
418623961571303
283905012565626
73760022828483
321525894516877
546576369218239
647111419519436
615525530348846
885405365577206
987162646176571
271150502798688
84034710594501
571019653370153
352017022133264
407128693616549
341703059622982
723578797875305
47737554416081
141400238677214
550935185349352
300242589593469
109515116495086
934695996408589
309966060905415
469997157839823
904289378208600
185054149191550
719276903373281
905915959368261
7232877001722
439602345823694
175058765637694
109232227171133
322951361924676
51732177093846
227371613441097
931280745950761
539312683749588
201139916905828
826937016077709
77013336991767
762996740558609
729422128565535
918319287666538
323659057231528
51987704537027
8046571804474
287592809206211
308909349077052
584425961489377
697456924139278
877281861213067
216756134336413
866722204149928
565057952733460
55762764733209
907960956223244
497062706190479
287045900791731
996760170525130
334419420041231
342264883712342
864307797901954
620381528389065
693492473725663
874845133905626
24438825619428
868385828325071
803431565356187
113609301185284
601978906194840
710064520101654
705126852480268
969680111922161
737712270341684
396926750453724
202536558009251
516193439081701
216995896352818
118058461340826
448296045394726
267957916210949
389033680465724
345450333738004
872278598243525
663928290265332
115070099791444
517377354710161
105075655876494
496660385736540
883289988228723
881545118500031
167016613455319
174557649498293
492948487758096
247586445435809
230945638541182
604716524576822
285559619942240
488991024434093
899598982791527
37298396104112
187976426530150
287464627952027
52258510976800
563745244462311
194361279396976
179028684928238
541815094953370
850863613317104
536566885154046
38121368448803
38923183227593
714929781087461
366421000951078
705147545369906
563552672519081
6854030138404
568761950043065
513291624064226
563130733651773
376937848422147
793428326920314
183353061617
382489356420039
695540277648111
47251339644600
966087457761441
697158573115097
838138153654826
653237842040466
650747799214598
148941871764600
377891168883443
795332751517312
607478519804252
220352189502235
50306517694514
519469395169598
8937326497571
58597814536317
164056964882032
371988893005354
898841583603072
850311823709538
720113833245992
944202914068877
373604023741219
594914530371681
90656655950907
757454101287145
273567465995600
74568099323486
571322533865074
773534031384017
764833761654256
855124200088229
457385235652233
274146579972238
901457444409593
506460145268658
293722075448928
270484156259588
783697243502384
8698940270533
644131871082553
382657451956505
198544336595865
778277120632808
517107317138000
916422241695147
639516068821908
342444299857108
888417086215049
698963956247550
964229418806941
890176176071130
983339090422394
811442534670897
774228931788931
14328206501676
350638939817179
328761694822349
936364241743394
152268401224025
24387211843516
68992528405153
63241190401007
469178997635942
462073007736333
949407142556019
441291529854391
141269107827733
470887533846041
871130934933160
567352887287506
788079371456792
61118371125233
512586375660548
334204411846997
525864378322411
656157757955654
768245211468578
888365674886331
276880073330082
699962252283449
89338754200439
818432334669846
547604242272615
161516192452645
375897418254294
222871100527623
42282533016443
315118421253975
746116989497243
527391310722839
168042848689688
393609152566494
431951055050740
338646939381671
263011866885453
743473843433102
430676689043842
406804458946219
682071184713561
261127840836117
877268081781796
654411264614729
329904826674241
634343140435432
923995128342164
263075927516423
442015627863132
231016424238853
920310525424630
713622486285935
519705792028184
226697266669364
338651135165751
771744030136178
629981402462089
810853738816257
63575204407385
885186997520753
573339194705503
221209800985662
977036549320751
424712055944471
665408703137164
410221858224030
868890373371484
813446828068721
892198050630779
606079577980731
362883023087456
106997333596708
556005962002060
642043811541165
268685091395569
967747173660580
904224011465497
311330223834753
41104281623099
832279624859053
836253650209773
723739768976697
907718969999578
446171035835959
349501164727562
485195021989154
148688805769803
877012933310803
384689249250645
945224610545454
861118619772112
430802087240579
35001529315764
952091239381261
992911584342651
289046895676788
748143725923612
438230411792221
769166771917756
839406202452471
230847399832412
250192859734868
786075529303838
785516433257664
914895656789958
479270034101747
808810321976319
141921725183199
257430224598383
876198272230653
261700815543963
617928700419861
158536495353208
952505409828636
623697287129338
419902499043930
158818227583437
217217570695534
479683828586775
42610392345945
468877068973572
293861715870224
769670635441623
436470903815244
20342542278875
927560568071697
601278379358584
102634042661161
820814615211579
653561350570879
839436027526576
77801544127567
555641361863246
417007714284718
973227442799288
72887661128873
81558317933954
967689304426521
700148990837668
238436155087263
912894904628201
213001747562310
811107472201406
693022721516007
295524301482374
643290984423999
173832836802309
913914330962312
236394557199395
735768490730338
433026511705538
591466382520102
36136341056816
184475053816909
607276561069537
529850920250548
561622743465253
934113017086760
818363888317636
670330021862910
543211256130426
84517417719751
615931347573357
233270156443485
647317374117478
70225289741570
489409344308222
165084990087223
971443214702113
272839640673927
140493982575274
648054378977806
648270002149359
195135371133484
290864310979483
397085583224645
847412335369808
549238537715909
222457185709702
72725065108481
224887084734188
771270636439727
339604632750271
412762207805047
826733919073206
537359941538708
103863310734173
362044917372587
635718792483263
872852762711667
900765938077259
598817285659047
182234656300148
644903437218268
957542257674535
785255548966101
969965755123613
853775134011627
894410922501471
321417857002752
692928069300314
118978283909033
563772229121619
827720434652248
746161435806290
854123723640895
293699206312565
643983562878614
272366254620061
916620210558820
861388232794466
466355431228734
761086098564867
726336060418270
798290396448566
128467241091002
770420758571344
184566234098254
203779177979272
928192986324931
4652470440662
484229662420677
126735620774774
411088139421654
703764677078710
998318253694543
144526939251856
278142419677194
211691759839879
829124204056872
587397907645604
182910499673887
210464109936747
537127366275980
971297868855100
421015912266950
494339430597591
140627278312998
959140659311576
298346194906654
643082897361571
751052122059847
766119338006376
206971781022998
255646401313636
256718124930486
685820810905304
59261173203239
872261476474629
277654819117335
741534438350087
643714585704604
52119960956623
450220639098785
87722386867463
631658951341946
676305443106494
143889555262358
720170585260774
972017582700621
474257781754416
215841774676154
580878892962099
144638758520693
941859373409530
834216306730747
457445681307393
709972626124492
243363269687996
898986637543507
226542162217831
879246094483193
293870820900223
441723274565192
751800274320648
243543775819791
81459568282225
544709428937792
456596734181338
948787519447249
348832829331165
589592637564829
692435386703174
603957904572964
293764575032687
445065012053621
958374085287407
697832940136724
108614821045532
63835106350618
225456999654358
399728527671240
817009340956016
540417825135591
700226163258955
115053856995261
660763255775303
812959087484873
49528906137361
322534947041291
158008255751084
331877898902290
342404323574657
65869527589512
443656381687973
296025043355462
450668397173204
895467044281837
381169968437570
283547791845003
89386039015579
941359895697693
303392395311863
663574520420951
198856006376949
311969361204343
960630696498490
139784352345469
985158792485458
529623968923998
49105667104451
934774954028669
237186698802507
304062304650858
670273995748972
567532024758526
826007125482762
144722687758082
873005144799693
110570438933793
980419471585940
796902968607044
219490550192876
878482450848513
656050311910093
843523567606062
619318992180269
602498161363175
374136039889663
369262503883121
2413919112608
673157195798882
511852873423964
221371970823696
609470862435796
459523487903464
895864284651338
245306929522917
223985278429847
945961897166398
27903739930959
474861047942327
596916583057986
477653238630204
115357236449219
536338937919668
236167668664230
941578365943576
978764113805635
706387948220691
237632015369288
236627680121651
82906338926092
16730891848840
16559517033890
558272346371981
130801418362436
318203738015482
65550330497656
475411805294906
298446866860994
587999919934067
373559156366522
208489891520924
158121783079807
217237972444123
797397009776366
231460524066701
278153271065991
913078186583977
423034610127264
652854141338294
331246905612761
543563427222545
856611169944632
985245771255712
776419525320671
472060552024648
418030170717998
410325645737330
757009428306127
39989813600435
329353143571571
214227083426099
407394651317685
822068672376464
880752988354290
243086623324120
407610716597162
813209568932152
221764546934096
254433410369147
289451430190058
462778474104028
162441811109589
945615145892388
842710986196116
41430869050255
275857338356902
314289207652647
142280669900150
354610702093330
524805465466103
565980492645054
385125831686030
486925184981173
632195854862378
757327762435952
259610600906613
256626158679576
167612151956984
920245441108735
978269089458408
637855884102290
378890816072474
706288566258274
402542532575609
426671485468724
211312518066026
119533665158433
420394322358000
494698716400599
710417635275275
728958515082898
565346759089734
732720072629965
692089116518030
26035555871865
91859561510942
348968273053407
812546607544808
462914441512509
899391682381318
820991275033882
74013422193715
440988156144629
883193401533319
508394691671536
764385511354788
561010901211088
712564288506234
955712033391320
533391956455830
300997294881508
772292308725564
615774359184355
960484063775806
872925313275428
692621799432291
400167771696749
801886363847077
504417603040050
382161076980525
645658675858350
942673242303260
878980459597823
899348000792593
755375799519042
953345396587709
215618786830355
636333914189873
220762064392474
794445602351349
50281126559928
946085124050664
96570737795408
387756483979441
236191871018645
721197958475533
898824860868274
76362089833565
205277053323848
168822540781887
993667298540695
661876651894458
517500338939720
877351851295120
293991572477521
154323500655751
714647407008153
620165007792514
642255947810139
63615600344455
287454065687444
631051825218831
366848500039263
910621174972081
27326318530884
456552926413877
434681681345722
165723965133148
899117740556702
260363296432164
457883634962949
996005806536871
894437488765191
297158912299013
683371166805276
981126286478765
589181027236779
389068172645715
339757106083998
265122394220436
258746510491473
212706766115653
90369039529866
592159089724658
743410389058633
989664255364789
405309815128196
58566555783452
865828925519568
606395320088309
587398644946155
337697192483653
750978224570308
523022361635758
44993170819172
450956583666137
506471678628512
92217448572040
422128318661486
96243319014631
852632623692050
61029423384598
494178250297939
9431416814807
664886047016333
650946967390804
71963666970176
286990176009144
740549364685832
303387032727845
769178432056680
880133548531284
299968603772583
532953044894916
861701045396395
916621314438195
150636665591326
172683051612222
786737998171921
128945988397521
234777754568710
249994198245887
221366359179326
174380864784716
557848394180019
194991421667913
258579201461174
763533846612021
965485917842279
34756940768124
864788244996737
643792048345862
212423971185729
752843209779929
173138781150953
81247219533898
352533234157861
146575647635789
185618698717168
967311416546252
279691333974495
155338710954850
828367745638208
751150378466729
297496071147920
286919277395901
573073681440652
770719340090525
536568744678105
107163370068131
11311333492745
802740635267972
315980264287600
49422894852038
175515840507444
814447034114228
520251624031805
583923248255005
853422377354922
313884146839985
883117379964625
958698398559940
716483656532742
384829318280058
999116332466175
647827406866086
856167175038695
978326042881371
423324448275763
898557515647841
806116073404326
357719663591722
921151788474477
568545793250727
896554305750149
85096527592410
21158833955431
228381858312994
904676826516117
966627177795880
706419678320750
593973304751187
724954959229902
575954744415350
690931518934020
604818287647659
400622722037443
429938126580981
28185295453524
667335922266171
227179694244665
807127440059637
71057139212712
425959133294353
303613273739168
191570252258229
369664877224904
722592028439868
122061309781536
290245232805407
132902913910942
459254073332961
537592458939704
180826193297980
971585267869029
8400619323180
919943756943859
368848697509928
609567601431279
277781301103307
894811129918744
614544886621842
639138981918727
616329519727802
332837185611041
339802410512760
122762348798783
591061173075465
892686773637487
186684642871488
890970530782619
334740816301658
645723759907010
914944182394297
102513381553610
98578207040687
434566155193691
397570501882686
772852423284537
313516247993462
859269209090770
65187858370639
280099001195601
836143943276086
171241175501416
551665673641555
769152908917390
284449400952916
107842523040804
907593664480601
414728449135278
418684297970560
535038894546581
303576962165757
810980675897522
366478636020610
319667479395398
472244127303294
791124735103271
681758958611973
343679802071138
175771323308282
392811250373459
675587393579581
289337019287950
393694859200316
771139041984428
113992877690083
269057248162922
166952067097980
369871360064433
589822951658506
12977191287206
512003395464712
397947656507628
483924828387814
695789610340021
85605983857715
678693483418500
136485310717182
947398103581648
496700591825471
620421026853175
889773414433383
726794935967591
954815623915111
850832908112974
360218487015093
236872875042975
872965039360700
93932992365438
477947241595358
986673795915654
160621710556779
271121815067089
582560286052418
738665482667791
973592497417361
833697150837144
864560578743448
202639707902174
754768725392318
582897956312180
385877600898448
730838511570145
352477656639058
273064641189154
459424667476303
201799956482486
113018790984656
724796185158211
516134024676320
572540229821782
356609288249392
459119969226057
133239488444916
800113038153535
881431226465115
887588740932579
885630340735625
652849149077543
376443559339683
579536107409017
154719609366839
46804645666205
406572541741814
938405182251448
704895208075999
749823431151192
373968055746766
806078938158287
666364585943351
379015249342134
317993939359691
425839194442563
47892338472414
747339201919065
488339596231056
206047409584928
671869104363783
286890820369316
69947316364547
970763772038116
312131234821217
724727170563553
76647884321164
173640347060039
119060633557845
545220560476864
419811054101660
238625241376455
249323973674869
407492572889536
656837393675848
780439415341475
373427882676224
599743974767347
228628990930557
477207695773412
900882230968240
573337354947332
115081766042252
249087473594068
254350098576132
975324273594858
736354011455866
44762797555543
339185807160462
913587679093084
750203792348684
71936704806028
169789895770890
494997075848825
64452390672795
351370776126775
536633004390566
817894761573119
126662368559865
273256379253217
725120667318136
503397830844313
912978876481479
460079574694208
75319063617086
438178857078063
851097378772058
53981994010102
895370589500790
111635142506328
492857563997393
114596117292375
945025518267767
627561405544661
461710392705212
188517457107551
297608088590363
816174643623635
66315807989735
919008529809257
687274394856168
659522971276170
862943866796319
941492913964566
266887326431474
650159752456469
925781352450347
381569221412955
835001032944086
186122245177249
247003887133922
657191068834591
972539910614938
884550306874061
294582145716641
860406580438044
769358129553381
794566849206848
458891585588681
691780996109871
892387799891994
727867717223140
479471689195738
165197525268961
708266011978250
53226104925035
606612577829009
557774314752223
519558722130721
244456388701409
415314542538581
406922642671613
757862403887047
829838320350012
175711712221278
566074579688789
882239756696166
301783515701451
399527523428642
212267518583261
99041100103948
802335057964163
462048027766800
675543836006261
973659861468284
428869489989307
809854663208928
344796709093008
234395742074334
760889926261424
152454915627541
744223937021079
488005247488760
678989053068193
185864101135081
145579024478983
103032860945707
501686173709419
384295895441851
13808747804970
613652962789234
641903202199986
676581973345547
109529514737558
2795851477364
59875748695056
434003854576469
435155983863533
811001810603556
308028326897361
662359182698916
28968307802775
26198614019011
92944711350351
907237433944046
688803149497168
899688110986096
482791769980509
968066600834414
96466783667805
794589073913458
383840919551350
659939814913998
131316224714447
101092961120339
722920988631725
885460891584749
928929756686296
110164791279214
367653977782589
829049653477405
755150035124739
33652748455465
21239052556120
406201407247579
776292459458094
662581706139958
257287101104308
712524151094135
446773322880704
86959025885680
591572582591271
925104229654464
996667392211145
241784299794788
855707143317565
271916113362485
392607030518339
254559163917752
921476794413699
315376055003765
80294528717405
179407389098680
958082737190547
610879290548975
329720302289833
622381164629122
41333898117239
444994516808165
238851563854812
700028518603742
86362512041527
559715278430593
456814605358123
72918170853050
870932120902178
590298599271221
332243049307944
354060288503455
300343906089721
543335264550481
240437334865325
688264396763945
444778143906930
252054188443090
545008421263993
537792463054263
70965076134910
505065748958676
676288244265431
600209160215956
665687621738078
406818704912692
271184680045183
809548158085504
884481705488275
873132694231104
835214710985814
161279149054407
452270467019033
294366446812616
647457136934667
455538757965153
930626924700209
834999009291879
438436149817467
984071956252219
505787056217507
915039753043536
83611839557129
387526360099172
184184624986862
325221827957164
744310019118900
184211039460607
110396943528714
155846927307859
156227734231602
839371818377917
747451063107222
684240627447587
642764053876306
960386952618782
163562653400287
698049642764052
985225698434692
977734667140700
463401962774371
118821852847351
933348377942969
365416218380899
426718484226845
174686724314826
653591900447066
975983334858676
382727043747031
352430971522438
480082363222047
339025770197738
870912071898866
799656670226751
200551366473858
184161232194053
727680748014179
14828796048390
554282498588107
232600107335180
517897821819996
194061775110752
429722732868378
529705085250806
61365884371716
840020439156207
915148140110886
512992642820254
506713747742359
580500108147454
264936644341760
311236601824347
884024166677045
664218657644362
745285547408397
819015499173081
38858774808488
304415892378368
610975196078299
766707451276279
600324012061675
464196213604255
78238018364685
202405409933369
210321561185320
598647254628931
474401706134980
603624476081742
874267053283628
941525170800207
642482629865786
206386248866373
834445321091893
764884105840833
533631321958223
716949949455016
723915012653848
49111008706901
396052597448104
985886028640082
429129547880429
879544382841696
88106220667138
282455757668002
531966556557955
156015030185669
558207714360765
233627394973959
197399326206385
56378878339977
25504238197303
214353181289293
589123867017818
899132152229496
714237163843977
392180498989080
340773356780661
578209834899373
704286457745085
146213236172038
36592409401840
2844835999076
229737561581661
786756679817736
348365478878566
403201985349427
872185132805509
606675011840753
627431313132815
4440917046163
722504973595055
913598286015793
843744655875248
739082201945457
651099815171394
316362983706921
568922627890749
246914732002227
919568934780216
330935124188233
543415672517290
897912342605729
455974628836392
460643469522531
443264884064642
994175081016939
755215856045743
913555478475273
606749219924949
384076027813893
390368647962880
426571300552346
996868968682949
240243893272160
204982575255302
525351827835917
300353431807360
410771377496664
612387621620872
221805615102288
745936457460558
10627645105920
980384020484650
184378703141748
555656353945018
330374102992071
724384901298864
425736296363718
429057905669613
688365375889039
223675829379737
262622538330373
967682594743276
565822295592534
282404069840568
953797759701590
968855262398100
322970878941908
905578911075699
462048228927956
630453478028490
585549334420407
858155666250730
502666941092756
707550468302495
522077710817805
620766234987800
203170859233595
559213493449540
412031019633901
163111798817593
471861587968298
447410716681526
932918475426129
686013159806420
833941988701503
498492759594223
779463738560259
447166433666884
895635076737663
269076135999923
418860488682390
390731586267753
115745472332134
884713547513075
401766892553342
648467858385002
473618416319903
873119646868972
953907834176254
204602053571220
421501482873762
12668818674958
230384179717846
819440960799981
165286215518450
921617829175200
238789521790965
948817166761824
689367496591154
859505534764939
121656708755934
107797428256072
989514984254939
866752335437224
731113692420197
746083468301346
263827850631346
964244649510840
401289762095770
888622237970451
221004673238518
650340308754590
14583359871577
490484973553736
412149623407497
260312887585129
894905065367616
47265761028441
257943417925512
192904251309205
100181208613713
61357306653272
576099624133577
206252655695091
662432901431428
969909811387382
62164722870310
241807254456433
890690181186681
572378583697785
572532247743788
481497427416982
909656178488292
920411163279843
342595538182397
472032501922963
215797223808468
901581374428256
909042920381985
680025520561222
264059010198904
801549732809717
469653164827488
644691171654684
750564502592740
257514233397909
693554042809487
75171748470094
773830685752829
756966918750623
295433842034953
8955084104745
653560868705561
766025767113693
351777354251788
355665664310068
859915877290475
809342465536644
482338887259406
421810967586522
983123127965317
925716638511594
682063895268503
953193267219382
227165039638085
673640089636129
350593573900629
622386368069596
716477328621627
515065941936890
533632154775190
408052486883548
783735587312232
979551015495962
570411908804955
45320956570399
173990063688359
894004944950662
940930326394005
182627518761670
224667076170395
331660123614558
533332722971255
994162885401691
69924708586096
589242429795903
539259025289066
27448534915777
526107922492812
667854704881546
460705014358070
709582805834951
163294257482782
692925436683232
245280181846196
325794381196465
10797836540796
229347345393021
740457979709444
679008946984787
902703502720661
634913539260066
801302666973132
176303107192423
177971812860207
902306702570295
987002120091841
260717174014847
232307819642156
490058007719356
856285918316370
203261158922647
639380766972839
894550992282761
156171368448233
377742378139241
323797933523731
170154443516411
932126844176451
823749261309860
850921205431596
108067234418188
417129060343274
838795381910727
471282606863850
446105124380686
368428908997680
943610486997176
947319804903429
267582113122265
823583353645135
686171103560727
184711277104511
764448411491186
54062050455007
588194933733170
487488530165679
98113072401699
328398127174790
19504246164924
134611508885553
32943328062756
393015048971619
495944079333503
527303992456491
503832995234409
872697625136815
218482378345624
719555011265539
868736930492013
586450636280820
259733734304
45916923639001
536112321359608
863149169875188
330882093522306
720079237536878
350407266131311
464874629248080
919844140284899
409678394239967
287424418595168
360554362866994
725194790373419
820931315593042
190809011723479
711728297430830
407641843435995
791101276301835
133208642783949
138943711333365
496464232851826
555816552179491
606406974501847
384597268917165
750438905453724
617028902172503
367798519783306
462828499337187
493668136266250
618708340133737
604545844257675
52257691291375
574067955514954
481225557585193
833619594373729
131800633192671
410327013212051
281020981719738
650098126767215
367176740058061
578035419641893
791049530219480
213099036062837
845006945256818
653660462864762
881883491690399
866617160379557
267335020689198
318355052327045
191022689651505
477197810672348
38464630583139
690422092020934
191835419716673
79834160771673
667096930512371
687044326174830
668776597013054
276353129763254
462740495513204
451556257317550
49824722115797
231130713397862
175388355606811
393671879823800
151265511730751
668674669438127
769946629226646
639769065119186
985018113421544
475180187687293
152003987583405
890450760029962
607268093113725
120374307152074
636899616156576
62891315048658
534524543270502
50738037636361
501338473997500
316385387417787
395992628875826
537865143863713
96704606323739
905931711651819
256337254431191
228960570055807
200171982389232
320902305694209
719282650978733
906306049988118
478753120607648
840350116042304
540570104165019
435473014685901
218328215719795
279227302470404
767229313719553
616193086367780
279465118305806
65445172701385
657841072701816
969575086486069
84723833769607
170060632366047
937515337001149
950288109108679
325090101297454
378793920459374
449067184004752
644267759862901
328336710197354
489108818756071
821046637531473
734277015890938
986798103197902
441897993800438
24704777785047
369115536761377
987501462920056
517870615182841
850168334482488
367416720538470
441243283289273
969150189503140
41474279478492
516928150114578
134100702687391
953972601010705
703672993649659
108960042415189
208472041174439
618499148951246
123493849682439
485181319240536
804526522713390
557922911129469
324168177088586
749569725971847
389851690991144
69003814751235
928547296345819
810286067271118
75464945273903
932124425977212
262919462395745
800540695000145
568386285856574
737894465394400
705728318104669
39312875824671
402624577493631
554884429198
654181988978158
505954585490199
812471885142410
265788651642609
729938389568991
916979175233751
904518982840384
226747229717281
378204657406320
725860439666481
752516463687577
557650078568898
272550083549374
305697047915624
488951327091560
322492221519557
754300448271720
713276660461693
501447554210075
101340683973992
554868678139896
204575906290119
742882422647090
331628056954877
577079003147770
963618173653367
191913984357401
230012508792350
447830091872195
213877182159569
818768667536119
754732839504660
117226028179293
718646457623033
303253209704237
229879518290845
168267248168302
21250967810397
586196881714683
446201975348344
828293045473233
670190101206153
275163801429542
84573040467
431860182248349
556767618415904
812490431366953
251018372365428
189510858766131
884511894998842
243637005074311
147049380120933
709624461681178
383466399183272
291393704785083
179137988966283
930525912594367
468783053136642
62753484595541
499259433753826
261911678074992
713674923721671
502752298785379
128290222940512
919354690053809
973941293750889
472984977144906
676667983056388
402769678479697
953343039005799
887792594725764
952628288692555
748297476959207
203596691463415
315526366134653
671329083698036
427288460593016
579817438507073
282367574413722
468465237634088
751316921262238
315739760748584
498356203395094
909688017465250
223932632547160
683340773609203
744745540217434
936023010646192
984625360276337
343950093894376
477788075380213
612053998785863
744010181157143
663824632178284
923225240645182
165286494030282
443509960277813
373654422648414
580783845998168
915943414766442
361851906604623
382091692798319
985653829706222
723008048208182
627639588419200
245675183891738
509895764363755
944234094357321
980223650102499
231765889749499
356636264348662
708624271309802
579263915668080
698087350822851
602569489086066
564858549488514
804797488210108
874698883422158
364223220420965
936637501593302
6034423393214
102557549500345
887072022202915
904255053300573
994364581419141
24729328395092
138223703048863
407123672170736
947998015199960
744420273669900
249000975968048
459725237300240
100467524016855
525781026830520
174207776025535
223927870542636
350989539688081
835158320420619
398406434406483
288147412598980
928314218684877
996589589218711
51196723425312
906442490161505
147130409602229
440022608156932
139689295835399
970062043089501
252982679354522
151050853299400
605570160791124
49223711971594
339579695807576
303194409961596
322203837465245
241243575422908
234884905608148
768284367587293
275299237472137
414028431358121
946197004321987
175143932216848
443737151752266
740096794775308
670206617072940
69499912965232
109457434364490
815870516942996
307721745772626
888180570504074
766462452606114
242301235838079
601739673953183
626984179262607
618926205491456
269392242212941
830838145307973
616024906009618
91648457441514
24765069398663
389590211348357
172920349678843
725822072528905
555184968015944
49521351910302
139989263673824
434688103908993
699920836201111
354304566851054
323192458338405
666470515991441
854604029577874
233475691885314
47286558146495
241993457737037
610910917205082
513030952767237
469920520271546
290487420201564
856459968334993
525929845155767
531242858233492
615073416747614
318050276312866
502689020206328
84420928667710
157753797014196
412939302724603
589344121114736
754994537340816
481723860469073
390317146391273
951557524722350
28397336219729
683140796663688
675608585621858
368236158545180
504558014723547
601352471348551
869131855530626
789421170830314
184309467189423
936150844431776
844531105415301
557954601476457
569669845754831
495978128885642
690046073502443
582969230761661
335501234919873
369890104202216
82728059586577
374669924096948
474690914243624
134961936030719
121793550940
22647301510677
843811323945901
859612970038142
957793387971156
982553839608737
387484861816326
64462616494915
43076125145768
389639509675242
274107896685170
106482356884638
895590839661229
522007726386471
391705788422948
890235613057022
655185366496930
963758823149955
924165711332068
548006753763201
708634246421644
226589088916558
213585580394327
606751413578837
568367179348449
587475421783909
197541715620358
693348484198117
503220417513903
453500273627114
286456190842011
141150640756209
319335513683957
53840162333362
838971259779632
760033477950946
619966375732414
562267114610932
611834776122873
915514075688738
674293510740591
494713965264005
443958713471498
938243591742108
475377026356080
573733297610575
73893375579120
317269894044472
389641495776330
874044411492604
187387412074402
582543450934610
367589870043588
210033255902968
454106715688816
104039493496091
848572812678218
332587596084124
482188309945287
463099932699239
753690169606550
920077903239329
819444002961907
78634564931479
88663435469657
583773422326196
39895090021518
833740997070409
71518978879756
548304223768839
361573376921743
420093491544499
634615212603712
420082614380345
290061921005320
754837706300845
654839792248590
130296033128206
190931607513832
457064010300609
863368308462869
165806020823399
13133746188675
468760596814859
289177409800276
541120597273903
726975619541159
30137207613768
942661055771906
775190914535957
590928021206387
245824931418248
749981051715515
296359827955690
674396227408003
399671827264758
572115844223625
164508578971789
631298256632908
162323890743897
617219027532071
506333157780355
359808613389575
763222748561195
905835359814582
882693914789772
102870843985339
578203162666476
127209046186991
97096154140255
256575873581169
984122801865935
544750869473132
441193113093050
587740746476664
129917288977897
639324404791760
301569642333826
709180117752334
100925857558451
163952510890725
835908539166724
605917470593823
878493058748596
714691169019715
982209349113958
667585206956050
965646336548466
885768016867367
235328049832461
613111039191614
633495654564098
609821356218664
347568675367010
775635564081589
825317537810528
18625978679284
711557062071590
63997902636116
772229933224817
452602115825976
230089156179132
788753788828860
605604604651194
752906708215926
161791801455543
178520340093190
824550667186801
946416299779080
211416825245364
670401123765569
908533696615355
853580518437460
191209751521837
461669841400395
704647501926274
599325273224978
775219991962165
986428624136732
408858120711214
416427290558533
794911961325929
894515775664831
470629091121584
856662449556030
729305937606260
269681998906767
369726042182419
609637755471678
766843505240087
290671244055129
760607801447284
610910444206259
946491372536994
793364551390812
247107212995408
58929529697028
425347912303973
11722705207235
695756926384031
123986729119275
107943273241134
684528313169406
256542307499798
407881781466055
26756120833131
831704500947790
625487941510424
217933822585535
762804904461505
366518837739075
371380270839735
674174900712315
878273132621355
754036509112447
472493703451053
305048223693697
223294175094321
551976979042421
783439441089005
27450734897522
23880848381577
321567808596753
475143600627776
8965320187483
458054898333460
566759464195162
450152994286124
184999395107696
265755638990194
257400050458154
712024159985259
365558006165735
10925711079535
102537923391157
381481446146933
891589911494320
912966504179624
652905016696012
116896065967147
214808433280112
81525318665374
261605757212624
64522975734965
459327651987656
856938072864030
820992259448402
296337569507655
235979908249703
910358874866649
19885960732956
213755820874058
786042965971422
97770404860288
240664753308750
533585579653504
754538376219873
931452473411788
935452357226640
4657891160016
189487880028397
598177858717444
338157617886649
72956973906635
251477781052596
475827411259186
920154973878702
855265884880462
602429490604318
560005148577083
766238129238074
467059411039794
865562430269203
569070614224458
565037266753666
483200370093462
189701968666937
686831110290212
620041328951296
394144481908352
300459521759882
218149670080426
959752198069682
897038524668649
73093939111653
288506687249543
265584212235413
524552937384556
489118160625733
831746435126404
557641120800373
640215265939267
823473602714285
428317085538992
545686527756291
306706346524719
880030797199374
487542698599685
936393393861925
649933820553401
412849180619657
530549022447339
850389630879072
675457310992342
303202625175244
949260153740570
894145915107903
643085233102328
766706728764161
764289151590582
89320551764915
778745530817690
254497603091093
443549378614614
669236046017652
876558871040264
322301534283486
869283447770584
438217566636355
213333498227094
277109475957253
563346254928938
120089259671523
723442677223519
920951544522411
327331194562084
811649655347009
670424704012451
921386054537809
48828629695817
573150460234013
492002966070605
327027546756953
431658524127783
394782554499784
556866719359909
196057809905267
575619237032070
957724841103818
641957491991529
678235012681859
589674559720990
714043920982993
264028204666812
401583001802678
659367452265178
976692992377308
744267326564339
636081122017411
616023623748678
907347870699778
560926234601507
379744967393679
750441870482310
281097753165586
490390841661542
904448469999841
622806279440915
664590577549086
877160184142849
595682618429564
759390309935540
357559067100415
861026191755203
759531480245289
410497442859830
377954656514400
313704904442712
699041319408834
474029836031992
278216538643226
297158730537526
202446401417979
965839856890058
403954583507911
788079143573513
909950722578284
784081088005713
916379303079399
830274542580513
999748940465528
584132103553077
223253740864573
803880380017286
289542457579319
894052109873541
554866601475139
422925849338411
622693926352383
426913786120338
55283246268460
128934580188832
821352149740803
938178386776991
865995550561698
388341750878673
635521301545808
396079655711346
817269522890849
474141960741145
206005305511606
381155751659666
837969973121058
164362070288958
752526631906377
119682250476530
124732164219798
113298837611578
73420799782047
643665691147777
3414745001103
308121072394503
751649359979472
228839033246628
649440321044993
101339377595529
228207710782740
638282908107039
146186348061705
565292418722167
742819230830945
688989956412292
283314047893485
814069555371061
442243245415821
718944197475403
696965092454528
453210047947594
586324098938557
519779327536724
74057133466788
460230290192442
981214494685206
5914696993695
835655331358959
500232940654542
376347578268281
342912609416851
185942953992516
874601725977891
107755905222502
376444518525755
460654662509421
974865944702719
430672272385413
765463009311615
314414926917695
597499762725440
173305294916844
536134538080755
101528698360160
815664490140980
767179785641742
69805121218148
641957563542113
532070828973899
371350276150741
998347800670010
533544961494942
587351862271276
640235055426480
771234823358401
79179195662103
247220109104690
40586506153734
738224083097977
668009830084259
563289429477709
918082426352108
574771919914931
417822182116680
23181450838654
954713747538790
791824444118570
896862162498396
150394230398644
581942913095810
497633148157332
811051483087194
711564201718765
567502433097604
869478183961357
224973338244785
69199478344792
30970591884740
817268449210071
387428920582755
266409166736206
600164729712105
317004463751540
343557802806178
615586977652838
681619186608222
655681614946964
322175128212392
377197165625290
894098320674143
541452183717404
86903340044663
643426248920270
511854952361072
158271618167687
592117425286726
714699743717659
627758379983363
606186370440913
838624652266831
278217622466913
104752096766221
91055026983269
752541366063031
342808625643920
120357460330164
431139015370724
416260085635050
57469774893048
168514353354421
816443575731794
763044175612723
941779623265504
445074765544671
730924497264024
246140296557920
560680936822483
15608268134729
238632982257352
246043507901101
189838602320058
523699722321797
505822900659741
700452261837662
143062223021959
258610019754631
260298338933109
962112835069164
288035834872388
410825352907629
766668532259231
118319047959957
805117407344386
566643189689640
912806682210837
891397337093525
224538620024723
861512431475360
947436946744277
942074448055614
419303459879027
78360801849030
723184608733813
65305732716582
810825953248566
663305329977351
18179501372549
649468102330944
53910382802986
592914751685433
335317038415716
549029904086116
409958673868541
738727361632825
947861584026868
471101272126070
177036353487771
621366272589765
249829189681924
751552881287593
812081576082933
619452362852181
209297930578147
11780578179878
835726924175771
612340168510213
309277528588208
441719473174873
759250138172417
782508056430432
767397908933705
383707211021522
998518035801761
226534027456328
811923189062097
20698793953489
265828906514686
654338543255787
609762494275213
600023819509752
503966247079629
979879436229766
620795851030875
264447875537817
681070153869691
390805496350258
79487573018329
653308810170561
517876900021219
691475995475534
536934906294355
740740569751624
155400411090176
575713617948505
218716068422569
994763723964309
162733226482955
588045127098236
257923999649249
113059223230350
966324611626040
593414036132011
611673492810677
386282551088528
249261591495192
67577465479121
881402403628117
720615684865492
78207676633481
285982294734321
518257197319579
178915271396064
215317552995504
130810062425894
976990852808453
673429993861802
426039498722352
905673104367126
863909021937960
435026651659527
77428316269544
207782249641147
799772690399267
184324809737675
483069843391476
793644089843009
779069569817324
328680736864930
367968530487849
135502583769379
745799280058945
681080582915116
769304142031640
745912744041371
842942831618480
727745070833066
554885623127601
339146098367857
985848046898996
18971998488450
76886500565121
337826781244306
93189202279312
770707317600429
668568834285448
624691265426860
975702498013375
293369138516283
585609236067445
981458007941712
726581351025175
432522158993389
204120741515492
699202245011734
620433492018307
428638182504695
938395611733932
787608784720600
402069549848125
869751654206405
236839850192665
240415913036682
438355279709465
518685772996042
118860920410044
452194355953716
339435571312291
865114279648896
12698112310710
71018633071508
368807077313776
555696492554418
432661743158839
352231991920871
704066399271820
436768351799013
703189493706920
355264578032169
605351438761908
638785189433831
223667334611428
311986487793224
632036986100500
822313988653742
610951239153362
149484408957113
439327857404251
318198591652440
545283272205614
303873021249623
307044133866452
6903636175785
597509165828106
999117021731955
166779010007629
682612189959283
619042803945711
364634348608827
584135175333209
542689722588609
686188173144592
416867438124503
760877357516905
370642018315498
255010987653958
955069157881577
654272078448247
630931755294532
397526248246676
471609995743774
205531343245766
825932815609738
640823910665810
218474022777384
242134348022604
534852081805697
918914344005618
859737016945574
614076275367780
331883291749215
698911007781924
4698088436136
328553641535977
52469724731740
288691155798358
37512722472845
248857934011279
577031638910778
258727352601796
359054876756792
269644439954507
497034334602826
804940321079371
87971399176551
550101039447889
183222868742595
780314045082252
214464566989118
301223374217009
541121151479191
826552208165505
173412874490364
213508659447002
422706717246253
5987176689524
373951997726896
942347460641894
287617076354779
461562467247708
504819970357136
332448672280242
258731167286924
738786019279941
511122948939452
118422168777032
882126147735621
233982704300148
773074701653678
814372790477003
492133536752851
573973535180911
975326390586714
904637264715228
156737227960330
396186821768860
699544613776769
668225176539921
796909700096552
88343545624977
560072612177143
30722033319041
839441959279280
481556650823530
488222458639663
658580535688367
672818186432294
957887578488870
824906969316138
106645433104667
787799471372309
269833278792096
390919482451354
157012856444643
355039887508831
949920155627059
256359349742522
131302508328470
276715414804863
752000490838727
924513709794345
302594000866178
892515171605774
97114960447854
667952301795330
768775264822703
225498348782878
48578189218294
578530724505404
326478980214515
881468370001745
953893205557480
408934143064697
249081967008245
942760412287198
81021829848284
578818260799513
400510289478196
74533865987109
570619905908967
326213929710463
329981295139911
145546641732544
307504725530173
400499602402833
62589006865459
180552216214775
76600164430426
715617684207171
64160912236331
888324277747547
560409631089183
919606661479986
68044222240113
871351451234170
158985065545862
538435193602855
432911494653675
443553506528168
508922285248575
114110589230734
653605303393997
799814079464320
273683380637575
881759066079584
360013082790462
701798386904280
618293676831537
83765533279095
504150019306915
202988441338986
364742751046351
458517834846455
681778694915365
917019256981338
299113294301929
290592277640153
8098342658254
509128788863676
466722813864310
380916079723664
618089364604815
253145710657372
379543768667796
385431777063187
221813982951729
667400191105384
851017567389155
172211368655865
861788100769365
43690711821046
437000604817973
367717607034666
602592748228691
361027244648793
330572201402444
940978940644960
436828384732288
178155221101814
611976950333229
633242963228487
224480470121971
406309983904990
9897685446001
398698539602184
68083491993548
821987879447908
242294555750655
105495535753474
75083834336125
631687874165546
362260516429330
445520875613722
690691915905257
509375968151129
221311473230537
733466675180090
494689655417707
849944976438805
54345816160731
558990471296408
278809961765143
502479151876420
469263085569178
811906248354879
873379368825796
499956912209022
836792669637326
551905396314906
760128280970587
331546113364335
382779023140567
907927962405223
859821153620608
214569987789568
102778416810086
462416171874441
690605876779625
611691845684139
66381096627491
350013253344006
225249712255960
190296744243745
89510274623615
92008043807959
754704855187965
761632041734524
209497825238720
901610428029975
433526505145512
926132027967339
688742715008075
800502218124328
204439190063653
397071960817820
936419535501202
733406662140331
744824772672689
675618161540088
955364375868045
124503167121998
635210383051017
981838766224435
313779243821780
330910357414709
906948069479273
418903404550276
114823105019911
460323592513248
149705958509747
866243966049165
100894061058326
404118280248362
643905605986301
40863490113667
86550512937251
439681847232605
59978740119743
193493866953505
571333004226070
102888469989867
41946459995913
349592110406899
619249526179553
587583133063641
827958352787772
332447704405396
91232972024571
878808151558178
573867897163760
856654065069556
229601009377653
359573231687671
416382830777935
750866142544215
919435779834798
170688796832288
706360663397880
181512209015249
755915419817125
611972988842521
109666346892636
495793290532982
527598493850913
291861112030006
808209760587747
644025378418393
500755481245070
302802176169109
871543959906036
494392879603905
880905477073593
279509926272084
583245614786378
891659160622149
567120799719306
675680282673113
807224762380311
523387652793202
139589569551625
133114343068358
142229675709067
247035803498193
306272029836273
24305267395552
941839116574895
489721163410639
945489576392250
874916509776204
117339031825819
657670619866270
779798987043214
894967107293337
376730229006368
29101266881139
472897094755733
627781231943312
913800468779492
317731875297266
713376117384423
501383988574400
258068445533226
163305713661622
347051445445411
812510344574354
736814898278038
636264353450807
608153836891873
476651407050473
904517278349447
8079409234605
26044119030734
