947211433667940
236023418239445
85821749129866
914400988213273
182339825052780
193581620779842
615834617634580
298021919933670
705409505784296
737105888255835
73606124270436
878632041696072
376130395516666
705116483980457
660724439329123
793301619690189
337198792343392
913764940488895
246002794425048
166685415970543
389455415350967
904233690157914
688095116593984
195431326721451
383524163591830
919986415226540
125693234345246
635859304095759
726969251423728
510838242790236
540248385268052
407386998070328
854787163915945
733066396593564
595905209621956
298266991185952
292644162522273
225519137796995
707923422209950
203118490256161
984890345798709
356820809204802
929112886393586
345191687886974
547067284427077
528752479603398
562164629704281
802350301001552
878816023491523
447493204524108
994817260968476
803453832231389
638665863349159
163683180750491
515712750345408
991419850048393
598197481483064
678729191837978
152919614591542
679421250969781
206860205743346
791193015595005
288867857404633
509691707275653
558767879961193
118300404690491
948081511353808
944375905335842
360389295946499
802366725908212
142201226732776
12655087966505
282743202318909
849441188909293
210343389756345
882481989810466
360995263177037
904444021988760
870024837345716
476073685775656
818969591169566
375000715540619
784053861507378
622175625331574
352593348622693
316194408787413
200135084049828
92338265562193
755107633659634
265487287110899
576351531788777
191125225207045
600096679259130
396611300840811
49200189598430
958466271642043
314987049148155
516733065521723
272796560057007
153552326010391
928323155886971
503413862490664
528472835837895
18553469889081
496165333487435
509477997687694
183130658964748
569979439820415
433546640954371
864551282079901
917662738582105
435618961223959
998597400233548
471171051676696
440289487472987
232894623541636
379702562197304
893347750122832
139596767738139
400243439750764
574154436255734
814164600631342
63507818525575
160851551821690
681714970013162
357409265996953
896730098895870
726279682696457
978581145867207
618451696110348
809799323942539
897774547468197
12478658454374
754634251960012
471872776712791
394464794281029
826351591612378
138345126498282
366545173278414
688952258907260
856948395875898
946575797341588
972697316472828
42591632052050
786136258001501
669359251151702
805712356553704
20036057808861
297501461298394
659722924488825
51968696839611
755048444992092
251348643175083
361391013845782
881675066879554
375534646151829
640416511077183
782172564562034
309636713187027
759736144243139
996102588263677
586566717802706
118316346309680
95365806064277
719666904864136
455251929860051
32462317124620
492432428481800
437386791353003
781788178256307
648303479811085
219570988560767
680454436360016
358444380723932
422417011219898
16856628254510
853810164024129
458283480212150
433143887588843
861696956463563
69152173620219
64517961829525
50043969658608
400340025145993
889233651262916
911921475854265
322678884312382
406775486950641
675727206487482
492345255631057
854832589104337
692657978053647
718034092285644
77455536679476
169314735284670
86774967791975
741898661298302
612667628270266
706810436538326
463678853759333
533851376162532
398459469157037
166711777908297
20632523980922
392694668919029
419344080482219
637852833278359
227058632102781
371506023069555
640793518704370
616633703620158
733597659713269
308056134482820
842502475110252
424028234385322
771643043809097
716831453940797
419755907103912
704240434167167
839658426386938
697100397988585
650517248412844
663937246164151
963744354671629
473523533142150
203055669748015
841308088729884
591646739731711
99210683202869
961586212236918
937785401300654
323623430821677
164519425718537
23799473393521
252641183274153
386448119593658
326106625762121
945847289716735
870522865082185
156606430982220
221167885574640
451419613144049
264402738746495
94704083377237
362259082323988
281735239009662
210737959552035
716088084499140
87683925287682
943803976392087
745844948673248
506223799708440
462670479415192
164660026065290
132160143686668
336404430503686
432320710462536
266409402701970
731939882493021
241811289370191
481348150264881
656364698087680
126003237829192
746828733258320
577732435644408
74754544087153
879557173139915
30382169198667
13687971911641
550183436809846
867887899892752
387419778129229
840521365789186
128164525895022
861666062442966
299744105629196
120542199484722
176675870027855
297061030396793
877799376136882
936398020075553
728881603181400
280724680614464
700307404460371
109574716559373
377045343706504
238277172960342
883174687582378
380766069151773
6570163377422
25833781239615
469138894726678
395080124253936
679067198047456
969595727329291
529332952845478
706559493733756
757130285573855
650559535542696
405029252377027
899764529864873
705112015383091
439966660962915
577810527817582
194770515702582
677918301065083
176345098626618
328360863036200
664185888246887
507853380186017
635290281804713
568337444139208
490785582775879
63295165501006
559680603051185
820323602931194
953568570398053
851157234468011
345630374235614
519887078873512
547164806178379
31571067855659
60627911191923
450485772296380
534217962867748
941313591952096
357121815489903
549726308528370
770811266248179
195170635717364
842392877287442
221984004686956
985370565620299
865881768377781
920643338283491
44402027455195
880351366168182
732745572978649
800887470349716
796923059375030
625704256754153
571872897236216
133670914513281
666833147207884
66703741097684
813189218019643
940557509921720
196182346988392
811211339683844
715759248054840
283249349566218
888509903447533
832923793239189
878528217157029
405277746899052
327626341211983
252070959473593
515582163694014
631045088448488
189987729987693
331589584899944
292461925243953
320233312403066
835367081669539
600441348525943
681775067569518
56912579943130
700649145587494
179269687319082
471433408662140
40594715555753
724896784994952
551303792683521
611190252801130
266116741392208
753758616916776
994348270127568
817442656405978
854239076589655
848117159888971
554734481816901
516275738512374
435977586697871
486873414948666
398314613787260
316627901319188
34135287362976
602377791721113
444448518911906
430527614081432
158660968816461
806587910588379
968783845583469
616848196032217
46026263337815
795351913985964
673000436508844
73117827683365
425089131033154
714470471178697
291795897997171
798598355441806
807497438481767
603464464187933
357627230469881
893308926324160
870571854934619
627833062784954
256124887881622
287454635106305
795890828730466
224842959732622
674134491090491
966431600937751
280411750751128
331236630779134
877364386983848
610035750831337
296102236341029
11670240325205
42240576703138
951877007692613
328510795356132
73809529299142
216428639756400
445741804365559
121158895786801
758045195851835
824501996749415
805766011073610
135151746932480
715231352587771
534316382979467
164127760522681
714933744986008
26128198576479
192629153217834
779443161961367
881016600035105
771642078297657
506034468162978
680057467400845
267473799131001
930719077952643
356226644220268
403720025985746
635503099111054
879487398912130
391997094045845
632711689291121
858780589463215
505744664249488
444126847142733
843970073341355
842034815475510
679323954314498
946632444252201
490927211793248
536892488307352
512827002907918
678356270106440
386007146882166
642228804356549
823515621918111
440684339742528
473742303302167
358514225465804
387375704714630
218554954458376
977699374453112
870667937151393
293158930034039
854740655701320
833063551260377
310027103528333
974412997614787
181354748889565
190521642092880
990215572726357
383735996643646
549447732963447
49966880927921
356050697266455
538528007776065
751782080519681
731486587714480
431732670066664
672809868542451
145159550185157
563839397091289
114054553067978
681879391988843
956474764371613
480952634027027
94744322042900
338756888590751
809293697614125
171981685435509
207627996841670
364103804905762
243351722712071
486045311115763
214031957843395
974032967875732
195678303295058
223440582456828
753974787641251
912046545172213
333101743947345
804040559674906
13256203715788
106622643132919
986938812529201
399267552645742
794299240369671
215179990039616
545840413028739
346702096598840
620453133471120
507432470404224
673720490044837
299225452389782
458804772673645
214680046206242
111887576527536
958097678515332
685074542068813
367093667621378
573656746602708
1280630655649
639064923029799
868503599198448
590473824164729
229347056394309
453613743592380
662961014056981
914132538445241
374573991827419
632175770228913
92844379030986
628262852202232
113145913152176
419834958685354
108687552891239
343226754428457
963564491843992
313721535116192
955957359197302
57438950179775
364556454394738
87215783550643
608007669983097
144869768333714
256862557721524
386144290630153
508741455123069
70012019218033
394571239697715
721979547138925
712118227927373
976577469289434
957824691113812
378633094873387
10898900134287
112829689708716
350127518424331
271753815663454
105157090849052
961682598246232
823242480999539
47442676869824
274658506758274
10312149038546
560178695884905
824661528111006
927498841381959
907585192041831
97192590042502
442759414906442
667338584659276
190152423238486
424325296454205
776908056674011
728049909636295
198757636004404
252215574318049
202633296739696
822520273840520
297034465126653
609139278017405
613561426486269
169645996234780
6544618348359
998671452872496
451467848027915
628523047595052
125378117992856
608100132373466
197477951706430
166250787715133
377910439371313
757015385425957
360154188379462
187085314629793
835574025832686
221239882547861
767341998078597
453478125103652
789069460285930
503485153812171
658471069800421
807035003413521
592110102313304
480187083020658
583563069964384
78122099608784
247557044711407
9583080014752
313075660312945
662544727465176
778019688388332
555894336132337
388059850866169
54704989202216
354036262214432
408567557186523
279261423798354
838947523274126
641425557694102
517098967888683
752177603984267
839637832969745
425812547504946
335500291835311
76500183756632
499943050991502
453323570797004
893692500461344
456795821584864
11572267482257
575562568237444
588664440737054
864086874388451
695902911851702
506022594648748
240503458829948
568907227792548
86170643913690
870448517074515
183941594099410
630556741763953
891966866729120
650690848308930
783235872635246
736580643769795
421172584019051
547698377037235
937083510117818
572498141074664
777845093346535
363418205622970
128016327649164
608702607754653
470986453095498
595521619535374
725643418656633
244036205792232
428292060948081
579262360388037
42563871317185
989049783211203
862967887272845
219859433420199
725635332398263
961795979515689
161985169292731
142458857780862
230865119712272
542725408427760
79537873610053
844149578181410
109174169060143
361462703288573
617380623108887
641384855003249
881334616479047
686225565085545
908098959053329
886595288619755
542558211332192
854918251752996
767957797948105
908634550854679
645957007190781
754350329784942
89014145858036
227440489074187
660397248101548
178753638568521
359376117501524
712897070283235
202561454254427
65829107002503
50801348803445
39413682517457
470367438579617
176920382470429
457002833150404
174942024807891
195029822358762
364044467156350
686694259205095
801667289441656
695647964828170
988282231483688
380508010085221
185913172709017
855135384156630
395582814203994
994820250089111
480497089603123
582841392938069
71162720619585
828597410339321
948213433310439
818620110632421
744039260829999
968690924558543
394935315453971
741727177030682
697423133715825
780498448666135
423390879232036
47703532540843
218260402163731
785586169002043
944739460376816
791614803528377
762964564127908
922226204511499
477678636940740
4371575639941
762296078547815
367126319494471
64195466913362
126763351006834
303069776070527
995095040033443
95501926599948
79455738256773
165794231083370
635802219524516
147587403447584
387552998136886
159081888423905
474669362576470
689339558459128
912642839921326
217600061674494
996533808761591
322461588618732
309066557906908
367769074333953
69681958642190
507682037482483
110664711946994
116540520286615
531801331888296
133699869121031
306432965443653
108367277434711
550726774088915
161636141301261
545200881577743
838270352861736
298165246332567
389237057321966
688107443858197
90017644980585
23248073561702
421921291203339
548527300520853
441967052678310
515060846310430
505916118275494
900893271866331
826345400496992
887560718117998
601215955723506
693539434709917
213490502174764
350922776572994
330200414083688
425041721457379
894607141261009
851709170004378
99261028593270
319019169103816
178343148460906
704514220821142
849825697114889
41067568125989
219990521378144
642368566025001
415636133674708
842629945146504
866044304277266
302168240142426
831881973129013
169384223402017
950636565922315
291052498094632
349510902684936
543097378182308
233683688592884
129463465017336
474831724770358
110170409758608
980302272239329
226785366791217
615919622187735
734684443385121
511134406966056
830964716383485
119348615821546
214017250972934
903634959492380
16350496878483
637270338801775
509162288979342
915883373751546
541320928908195
356747312034113
89868266306728
121542413190629
46731352956124
22135865481038
574489430129809
977406588348202
972794507276367
240128224574832
126617532787877
917310422099985
936360281996769
693133453240706
778854229137593
841432277221012
797235678733562
724090959493149
486213864548898
432173604821219
616620162562347
325850045356454
789481844164428
130739187895578
661019685933537
741342037724908
90077987280937
653389262320666
240712205653689
158557278028175
537327227497077
249136232406711
792713391062794
47726985756748
369860986307207
236072676925714
914651828873109
504308656074002
132575666303846
407581537275214
770711993912729
204215661195560
127124055524725
932103595639381
659902109052502
459317891383609
881891291234890
346035619074124
687922237332085
311935489636373
35547826812136
277576493113161
500476778504610
274060390018701
822951709290602
612250360374757
315805614578381
434541503893215
325545710923101
916856229816290
882102148442574
369376681623701
39432712819803
53071940102717
669061024531825
932042823365070
689224887286347
904974295531556
555532721390829
929893728663228
864703347922822
205159393901381
966151389976527
913508982939304
874877535822318
941527147810753
146575420421259
594872825808655
11550969593143
371000457793442
532123913817026
176886185911582
260896516693814
851038985709143
710522892948803
919939842821910
767725087555504
823297628236451
60737547584686
381703774094804
721650353910139
78585833843023
403529287075009
164033612987042
963242958445798
824966720661321
918602456600297
411748472890898
695314260988211
696244113224340
409326022709372
661161316581228
535041416023030
524215385604873
436659842347289
287521468358708
887962659417150
207022294713371
808973955082726
713614949308633
759568050081226
791791319256181
17106241520925
296078803133886
65873819564403
129254675690495
89718466663567
957359314509112
583822756255002
872730080348345
110745613056271
66852869125331
886226686582586
424015359900259
307576607798232
108573832040163
596126168240548
204817524026323
750528737885789
860907418361525
470911840013865
870859708030865
456502651409654
743724550801500
612564887397805
130363348345669
985760961378805
612110627703176
543551373838155
118358126168016
765070601798799
814210567458505
963139812909552
47144616221682
774803008977654
857725589113618
394115012036213
390699767924251
21011392287307
227947863219415
734151514598012
870104807871398
220676287084093
346311679808113
87005003310302
932461004777683
320174452339782
829743954379281
624597017996738
732972621113243
456684460796339
87736185785108
337706365649945
747666215812418
802720244383444
587122632665226
612751550496620
88348540812239
293443047380276
