584222075433332
106828507732169
98725053331869
658991911919845
515825915301693
621647923869228
439057886765633
56397022934987
187085578064671
276735159301359
153073278669737
127067511706508
810453085276354
111529136821967
101208829860558
273622958818702
865989077875905
411553444053055
196189492694334
637628116721470
79041349884811
730957854695645
2642731387276
2085429384135
424555534307867
608211712818606
159626200554708
30989540363855
769758243420728
102479311013068
130636194744727
246170517866791
459193760298289
312673299989331
715696675203086
790536280895858
333194080614931
673708576174574
117700107269525
142244834920414
487499777340129
365199277969004
556570262669794
455858943413024
948468888824369
91222050569889
17831372904452
283859081050276
532383425504131
470690335105277
871409918474636
405086712563910
783647582279874
246294362994451
359508425795659
311128385614181
362665816795812
203768499959246
106190721355962
584819787230060
599842241796624
469852286402232
624725974314536
190690196825746
14888800487422
56061632387975
320374591048590
486934976541769
132697227335898
751896250005547
565728115588035
70988677853964
999409825976505
577430085766815
286460474976170
52977594921703
508920753494819
770874065611524
879624562753750
474230475399040
986538373675535
842435715074846
690104588818964
50609499858591
651281833694215
270715313902725
333375536472504
900792553780370
376335563908873
821039168371218
707352746031437
366180251329276
194344856020555
747664432799132
741729706985092
245010507391886
313176809168045
55401253486786
641131430949909
998272704035346
834806605429193
934472463924252
637241877010351
765592395386133
592940991134063
480721558458529
565735296587786
403310939865888
413489487664847
168557723839792
117207178393951
787491007087243
117889052614444
186109921425213
366551620684182
732322657557407
637994641719271
589176695205218
80123074756487
605474974485046
75725809138658
492180814763263
406938101022719
622006934997114
705900625126119
336334563723870
18125587092611
488535928605814
70364535033650
466357465298745
404828383318185
225865313678939
11185828996505
295977666426185
522414511628299
150244297015469
674532322638944
868154301232211
453033837065304
188815078889153
502665315109235
441787863668623
723914610791163
273475849512449
254672847895449
27523746445287
730795198166844
725949538818430
311430310350006
98805659326095
209142366887361
950070473928220
540790520650000
45115325132617
770974473140971
292568835118711
983380577438743
3866567688934
489007640491094
371390916707892
550947590856543
700580937156763
216832407488241
751350200505690
682158741436271
318166467266046
535250878973618
42300279228488
648527703086586
873845539369797
933822497209672
220382303255297
321593593079860
600804541630840
378970917941727
505250338993912
643291130126541
18626662234379
707739718209441
149736489855910
358686326189883
584993197556994
814749319550640
687593789915891
998090908086399
647452773860108
581013997747156
403201058850982
407693308525778
591716068271296
474796686060324
763487779810198
610487841351325
432129264866621
488976952600767
573349532304487
267962076569114
150167605532764
918536698513455
74019293355273
624047174274710
853586867666122
343856919287977
876783690843423
107216034697585
511342122788002
302829901841225
84229978633525
47632833818532
477085187468993
944333702231364
979225830958141
306649161157186
549142799171420
841842890016055
349999828431781
615684696026316
654700389408787
132736623238967
325819294535356
569100033494552
843593785438139
438333795381813
602173606813760
91753038021711
500740836843147
512106964899543
735815783620365
92564557934988
915913292694112
974133235096685
60287604603579
239242592259063
368828588016374
673604425257144
803889425653596
890382768015477
798923816972416
507298938035635
959832362958611
548664115361565
564320193629392
437313948452102
16872196897076
597467322231084
473118075664728
549165970084600
743831084032073
702479538848886
48916546443681
383689866778117
742826547613330
792010738179870
162821475153932
225082369144490
43971828664651
727480955130159
890924213700755
466810812906086
673292835643250
165845796128074
276467363002160
906268755640267
303367543131496
310379024224181
351056784205745
293291520053418
78017841245791
528842458652553
299301802103442
334484030558560
580248376551795
200876838116021
432798480403657
873228878769302
876499407066701
254628294459595
397853890165093
675704670201004
405066717895091
370639915695093
595778549661026
767197282343165
662100589874556
354644815706853
104406134790242
118905810161068
892132154880114
980579292505925
594265408278965
311857894723625
422499668811609
102278123309395
942413157527301
705975671460262
506035182888838
321884233905163
90165600285787
481779587837573
488338164479673
165553007481834
492575954850685
974972126532562
634283082167853
40920421979494
220527032782555
257060008946971
187125231464629
381543802963092
476543367087197
99802364509999
45138459960554
21256451565097
576599497174453
450744170255721
616267190436064
506465322829777
978907637389496
402876221345201
215508276249641
350877524866968
580366761491812
770764232440550
428815420475681
615231725960979
822691099308042
813482932242907
833656683479613
859833402918656
79949498950094
289057329756133
618116415781011
65233952593489
331626030601241
858643511416295
104129520471778
73901649337203
45602163350040
952301673518316
674941260418720
543740453332069
275998295329497
466365553627576
551033601865963
992582800176255
772627833324355
722714816253233
322150942367229
160226239198400
373521965132324
611103895658333
66403217583768
574824922549585
720045054213180
282323263923576
694653657656507
281519788209084
25939855678450
288324421103612
385601150601015
98559983075620
830983211729052
183533230871828
494687561241229
116663420287392
77328181128077
521397237217522
919438779800337
238063208202376
336620465096150
293251473479565
356992019429481
19698115962410
473000780839947
135767869572237
112816385736372
69730769498841
873579778244428
634773953710647
959955405438308
166603773379508
541038318139523
183762138604006
982758415180845
320831064422260
983947409556044
547646076383539
200609816895433
406742058700972
688248840715744
606201037452540
896222856824681
539415809306870
440925149961709
974083575151421
571827520052808
732127908648659
28969797981467
854292993778841
705967096370044
649917152343411
869057551909337
322245388712522
406171731518165
617900171778423
305371753263839
378667179585849
965144454089015
133699471530683
746860914748909
646081869117131
976703810183968
852448077708957
371993290875965
4004093150599
741671550750713
177110548479238
97585595073471
591757951466834
880266857513211
485005359579078
736545854368263
993990109513802
247603163775425
381852538850419
680877044942629
998202655022651
523336319382176
303627220065497
825623540346769
338344492364602
417358396316708
601210689947366
680529518395157
745178792400717
43605140097425
324207023523006
671541908071725
507818830798611
689666169414525
30413174851668
630809366237627
517579689091180
772003278390899
51626229302883
864433230428061
947738990263774
238553821925078
980173462586183
712535835515445
858884552802433
975840407625139
905515579286615
604211460957827
842329308267769
327154598332230
313811477078711
358012250922167
960952354352829
340051357655078
915139762949255
836104488033430
434065548052102
616620993924816
825912107158162
391965766883973
396402373332002
782254970028569
816104127733851
138737302568251
213694555283706
391524007628072
522558526959357
643505160411628
418507674712477
565444855454369
679794354489673
958215147177052
309443523099743
259291053378686
530712877071948
546027790170965
486509672434734
363361851282385
169787328305376
456311482136433
684314206905472
120331609462341
279815702723763
867843051511719
466667174636273
342546417377134
401205962083185
92540685295790
714601225774057
198148019977802
192318924830338
843137371988279
617564233587761
221981358683642
162410953707199
175212777938408
322105155250654
559900778844288
517223249613557
141173420071114
863048117004046
971585110238915
98732031952312
777089497200684
384547312035529
732847934087502
338037250834990
98031499665875
264273027337908
164099567052420
199921728459406
811241231019381
439630712316550
244557454809623
761223824853467
458726983715403
611620838419327
584271667831764
640927023487553
798493633602167
24391768708075
86504669800782
556071281805212
797746214888448
183803175188933
950305015916
359376626469959
987139444378956
846231013264192
506575184460259
974620460908697
320118912429513
537189962223643
901455516596143
973477859114232
985119717003742
465521364368086
909985820171457
419996421416117
134070680805359
391007725394356
709700023682637
821978394161637
471048144612438
224162785119651
874255601558088
866757160553288
862996723056430
236822237653574
767269169737187
227708862179533
870441263889335
213286466745472
144638806506581
200616912469948
950310160029992
545016985365005
285343372617700
377306383872250
693455644606640
942462039045953
536153686844483
998098787778642
294295637872168
284435877544043
473925400197926
43420172013678
101736491850750
244976425650277
927739568403274
278796965225525
556022417485044
903820078271318
650785519550131
816984948657505
467890700269907
633360038724552
14256826130542
791240454730909
822996447965535
499822352841840
918124022002958
904889590700403
51060983564747
426342365821223
569999163081292
28795842396632
74667193293253
53181439191212
261741159276802
182304958442852
722778651418222
338956127335218
851708207415285
607021856282541
17736949700178
252355651353031
44227427303690
430646076628276
491313612940545
292234139998102
807480786534693
875594956223939
452671702815257
347198737380139
990470923697596
327021281385913
739832730155724
953571127358052
30705266399609
598549839371616
623579829826109
131096476798777
124392998179117
139099761302586
517366860549671
524040035033512
208825773623852
871283894107588
805184679270051
311650372439252
14386989284451
153398385456869
286856126113781
954027667003425
832068526472031
203799615111852
66187260125716
172171895799748
738110204946603
385974759049956
332807474731119
304097664161989
245347099274598
872632558225752
703487289447937
562999142798136
336260193063412
298858020134495
570114659110565
372426237197601
31476261552702
497804905898413
708356212671487
969154299110513
555300122703372
394723362929207
490887881548392
399131290909321
289018487585917
658526853438601
106058954485410
866528659767117
744286902642130
827185978586289
552256174136593
445586269534743
191762502478002
445713732043112
444552721347004
556330531081595
209226422050855
87589253474368
296356495182661
151459935617602
525296110700457
173183150016282
532367006684396
675918020384206
722468316850925
346353030980088
617124638331131
499767804610493
564911802951146
771315005001773
180528699926100
17478160412173
220664650348416
189828100411535
964803867932097
778853218731904
894949351678420
266427189011158
94963234575930
497416179183291
129604826095666
141572343856954
994707747110041
562798770010186
153395454727692
528489169298542
143949381011427
551351259631106
759252906333921
895989650268543
183983487549125
406448351359522
591435643382370
412225231205312
68814061560795
89576026169464
471717353988816
726369769580766
722126104366899
70054867295571
80302280902387
822837162984850
596704102004177
867325831157804
125329611719048
858889913605620
719314096075904
207248515975006
996057506622843
731524665898374
5731510152820
821030065793418
626795800771788
831248077712271
752222786490277
866910108170039
562626448267070
884618918136106
863645590260223
385384413884735
104325325756095
664207379930338
741715712520849
444379963964472
374470388577996
705225441470852
44756488946074
758976856915162
606816014448737
769512021909634
611563824377630
35881737763944
132907443360864
895448567256107
501639077372880
918227018786426
567150739853681
7482000603735
72512993168354
761616495776150
710426508420243
624519829952400
572259819800864
200318736764774
297695901437240
309763441429492
428267061144574
969655757001129
207994839151512
46171412060921
187865677888213
779398985358484
979863717609966
439836043979869
719752021961542
387687441834304
53948832589027
811570898355407
971760442100849
471111177458142
527375331681938
719235017536669
680063299781737
436300348858741
226978805355928
899086286166709
500153507304309
242712474544774
969531603642512
693639600396045
361391947786169
481855556384016
238531501744054
618162685389401
74914492898440
852351294658375
553327280849387
802680238265016
77072181239590
234086461815393
646048280343761
694878897724715
283154382133066
762988971056880
935716717870479
10557906665532
804146918765265
601938980991803
428401794253104
461520051213539
636692427460665
979537337361649
512757216939684
90044183290657
801432533413779
332538299531787
73380183993552
378205352586440
171626824444414
342346308845118
260188210479287
674101564055905
142942348000061
435867044641377
260529451835937
182101537721005
384268638022207
685981694000148
641778908662999
523586674983648
702936857622706
206942473401692
912342074462104
427425816589142
689083161046639
894139665869773
316530800997639
901424115835709
933020817242331
651532934667115
42085931507543
914299340393532
887554325912483
524822484765144
958927295446501
290261806857668
912708661816532
413187019580174
641511045203480
721536155728787
815647846452953
887642623191164
962025389504234
250779587504103
217990337004000
620623971118983
136690111786342
750094195399440
885395154289858
896215935287037
173421890497302
867223296829515
207589552633559
320294109388736
601760271647530
505273962251068
650281958608415
911452953164683
901265545661386
534362189386439
20600251510083
367068544832649
909527763877460
33560705018655
697994517203831
260705972973117
537729588866222
249947573587421
118502558180612
717091142039555
609177123998521
887265618516168
462439645633451
113283548169515
24584605308973
621418007204802
924395218231011
63951026817512
587267841543221
789535682989370
660825642209426
826246742324797
719471711036804
97858796348922
263961001469148
443239499754574
828374073031368
562991393768001
728182061271340
336450944196885
37418672679775
742710701131533
2424064481326
156573336727653
984920034711352
84908806340938
319637796934961
188659899237536
695195237443258
904148488919588
849195675700833
51665546871343
816114299981752
361758977396934
555717976073012
436034569783618
760928785064538
594590449424278
296326598345674
173975539915439
136428974645836
948719722930805
9454449837168
243271990847874
23958282433677
153597294515785
638840425187133
324885415329356
943926713145649
985343133390226
732693470911132
519545884107613
760043613786931
478470815810650
831834793486712
922144813537860
726498875348627
620147899298297
825841182915107
250844249154782
824080785453909
756451680801724
302198070432888
540492336246605
626217845510606
674136325030410
69047978147845
598948704955931
295046356145298
715042159369439
707373660607208
785617220240162
879310082878075
73645617805528
149750024318224
490442912921740
555509024531148
718597327954548
790035418244504
789305895401584
302007171488412
617443207575821
925838969420703
595481169961597
380369387092400
627798847489303
473810968357760
269284554082516
519603628885870
540009903467493
84423480839108
491177377516688
770507735079874
910082861451895
494854297592915
690994333535205
455870679866618
3870711399621
214750907770456
420404679176549
253101623821432
695195626182952
599795180147675
709991705162200
559967219130617
546275255513649
762410870285176
928934573927842
43105879567799
37328368580354
17700131474385
25353933997327
102593656953830
523086677096590
72514685592719
307137216875974
203562256430217
910893123176517
121591703138082
177216290586799
693832258861054
282597624441580
416883189547957
239195630559308
207600645948527
337416964107114
764844923091906
872855821522235
853401542630554
870496023000798
705700004964843
704887581621194
662207698703738
145926282995935
232366074130689
594358554386775
718519395868793
860769468012055
806740783487058
897014252127765
967196117148553
536841953599825
746985248967736
807382623077273
319030499323078
909688394113204
371224610464245
395990871613369
456048389680306
283585841407191
208693093585709
236591696183809
215223830007996
812935642737724
626185109170551
67010622785247
272060920933492
753642187291627
210933461806768
313656921039875
923358357862995
947769339916518
445188324499581
142315412489543
341806861094672
272299405158367
210775173083846
125323913003719
581059137015622
313269174573194
2077756725540
926397166180112
705820531898311
837935601316564
482266631068869
25930783740495
420790075181368
527693668930984
552245897112004
336586109459481
987215783678685
248872691646604
663237884685291
329133691687646
188004462987974
128646192067355
937646029543716
184882341422493
580543969927042
801065316459983
792250636610767
829405740986836
401771434680665
665538367585239
226367330774987
623585025104479
755200930020576
653810999106585
240318274627297
373591925593421
326203586038772
270340329473613
846125469152885
935567542320809
298598721733096
236089803160269
231317317969198
963671791671913
874597152141101
429075405837424
195086613978622
282072855982222
929286943509428
982251203005888
522400668613781
488122183620687
172915634986361
528137350032449
836396594769152
491550829043329
249791792968885
994206998765081
171779199739412
198021056633495
155467005250336
322434689332205
820429181580445
955090621234939
372916072684478
205433595012758
632781081602729
871009120600189
831479371972575
222404320245129
529746444453963
325648551730041
744837504998761
653216588136463
139608163221718
162022212538275
401961671132517
11189083927666
804423970981257
843192743866353
993994653292195
341702189358599
83333371061884
900622885057773
800246250757235
617225235761340
782376698634147
606230418227576
430356518280916
457443154615181
500594497564659
829185522227503
116782323178643
194078349789468
916984349873555
117362969861090
130453654440635
747364666540253
3830318699577
434206282593458
985845824103126
127321828218587
347227315865247
456531454136019
868416972155724
453035353424476
342697672988068
349366670871148
676142712210207
785329315170559
442583501161601
344835225883384
268302184101390
285486005751699
878136555748052
631004225900582
560011933645190
644891366625753
277139158458021
538848833214071
195710463422966
566451514675154
117003534031629
520435253776540
556323970188837
47219921482450
708433276390532
271047266001381
96582147207044
100255047607815
297156104825753
583091219708259
42565634242818
294009482856625
326422893058547
916017520020294
931802582235842
646946438491763
483917436083201
972364896933253
915505238265681
672314088162363
472706780138342
520212542236246
435067762961543
835711337127417
813163398362005
693981631068015
346489839217945
82081007275136
891560793588846
348543780235336
391483807150660
371351252378754
808722612388133
958133225834613
40505924714674
595591884107409
421772545584959
560546257590069
567491309377597
230388554776487
694698022234002
883140754098187
544806554677885
324166481291222
732292081068927
828820346117655
941134154668025
278095640147023
170792389336351
925880075544404
388698964368942
499611652423602
64690780184750
291308441314892
275361381312098
745067586351075
627838819864170
815287599447754
234752716853988
915380675510178
46207805195424
790643555848563
730255566886528
223932123466909
716437040954658
480786318928599
572587158267636
719974395319194
792836613915678
532982854276459
272918623674840
593567892325982
42614944040254
895579624591779
943527700609306
458694162997303
53848069204582
137310903012349
279677305701070
141007624799643
742640164841002
62136145003989
347721535865517
792172794381746
188249611136687
874913106226211
123690608549987
567246038118620
349920677897902
148869499540048
113042654192161
419128776147551
171123982351736
187746884873560
546408376295727
159519780775591
726528557546444
55967861832465
214393338582429
829945225517099
259931548695476
887574841573502
438114840657562
848673628920626
683960268343482
111864642703819
350982865179931
392397883223378
625308364555045
930923248931529
776635645691442
877375064763716
373552304088371
98381956933806
469759146215533
388329846172653
666929795083933
384210555798431
185355304752849
950951081289123
401329180961717
715270435628397
608779326563288
456050435012289
412329802817935
462377797871694
213757783843589
430561036970106
278793775064990
244071651871791
711677580497948
611088672425382
481254205379951
269672021253197
375787845472340
105261458489986
941099008494949
163215839417916
893225862667702
712207056895166
358442656650917
278652100469105
149453346758457
627907254292242
149902481682365
381403385167887
906391855817335
107033791399825
344676720610719
215245259142411
124522616635794
718732335472371
266751225888258
322606082915451
189799841754888
664541095414952
386916028158135
269344838705747
216024020410107
959521316714146
216957972536833
740276392861051
170230890476711
592296256832181
205723733700595
202850137901751
954965630190455
909824759484188
940296626586713
469944013157628
95697955680617
941821646003577
117866769764840
637374965046755
427109825309321
708987867960888
801025227227399
651426903582727
400612666971821
500054750696752
12479185259234
995719556098193
25639390416771
245850365889333
663024202978146
874375973763503
222298972452738
82010625881638
380358687319632
677875353809674
337778887766973
829231603008003
872138970453397
913737812439283
457414423741026
411025267661955
352891980746297
560631013576522
28582288527762
40410961538401
455915490140283
613904801062981
115032559359022
613093571463232
194643664571582
918960822973652
681792062718921
960930470287661
718892142496292
980980034004946
81239659021833
120039786978429
600718648710493
577792012661892
637696987706796
328200084081893
878619673972587
246422254311184
750948017636880
477280099095413
441905767016931
679066552768845
560206001573785
937894485172754
188325517694135
104062397321682
327635112370775
450090695752282
32689004252281
385733001212498
875346464511891
757676238244969
226286345337182
743732591203257
459319163661332
59253792541623
636653169038666
730754240063811
147376232058500
918898486671533
405709632852772
213042612355525
31174082546780
27181552497667
295972029049020
90968246376966
868677043148869
171739983626956
334556619542310
148778293440596
804218082612934
93134980487854
320761147716353
947739650876068
286360822559236
683958998852892
674558094446421
579369862982697
67454683915170
710525776809364
805599586613789
822223462295801
697226188381765
539999740503270
10510197278524
934575721229888
96757936366556
396832487399271
140530181322696
766313467758355
704521750315897
152450511301680
212753750832604
700295228450667
832271569119763
934402646045969
332752143063687
677545495090542
412523517557499
799503036806253
254339213767073
149227836648457
327622367575736
770378864092656
319804545085807
854161395133953
155735670451507
691421545101968
309953958109885
435917544851359
452271655679289
398282605972203
241538232059959
651626375050982
687406673915070
994252637090197
701080013595252
491912807698860
552619678599290
397960096899570
396639903612847
992743910505475
793099996114356
890381564087516
424977459948328
763957965525227
140851698938118
212359353120246
16499706749789
494306953337733
604928238634835
741912116372885
623392237934066
625579641224453
272066771017660
637339920639470
601183157887307
349381819809602
903760103513093
822982744989797
458314226315813
440728712653594
90124204637658
342507803548695
610958724057927
152770619298714
618765439151379
785180312084368
646377005827585
70956053012406
540841108109407
799457615017702
41427106283800
924360044435392
192097197825407
972389264055376
433320142303262
253975812784182
260876139171967
454197432178492
743727290018893
126666976120988
969168315284306
305963354775076
989187781937836
979796801733600
340395544792314
144062253450652
658357591079927
539634893567217
301901809988644
211476966166992
20808219242943
651334290985387
737203208904499
866467235963747
624672082206893
332629013338367
128475719305875
251573426173371
763637871135246
511900774184082
519504745550681
972115815171208
462818730352045
633291293964591
126721707003141
93517248352378
313132741555132
223932716541696
238103863990855
127393996896317
649938820644169
161303801014272
993919091148137
696654791709815
673174598738992
537992178938828
71246651810352
330780363488784
241731103062211
820455277856145
435723578315643
109448356331845
623271899187912
606989448333388
308679279295841
658657888219336
787371270003356
75524037947643
769174872064139
636245841416865
687704156439687
113119576746853
840233802546893
513935225449244
531247688317934
832027407512382
498665945367196
693747679531826
25460978383362
274402149409057
84254132417162
210985404776151
932141507959360
322280801136990
917301380434841
515537978156619
332413705633494
385881144424727
628295974605408
332345919084383
944496842352949
481028303360410
815083491630376
602772607168187
5005492604750
253203880542476
642358169167399
619407080740463
832626034050887
289232364678441
760152624207259
548081427308563
924165932985540
821005838508564
470161501327272
861853114174884
14677497276782
999761372495266
26386809997290
795797024895479
2534098031107
264235688471170
288300127318436
386454858217436
735539011855318
706999269649060
325965108995165
253786934833796
472325947344275
999466748997501
487807543776447
453400112270722
692740599362672
749654208679869
964785821583928
579033933850852
306842763858959
309164049820664
902890153960030
960274498566415
553729779857385
62361635888217
31604635157271
262951386922488
177055038177971
33337419280605
86441966042498
100796950413337
788636574634820
62750011876792
388226916124663
937554829339940
392037884099775
674591464753789
885291483455956
716452761220356
503365645984385
634378628670112
256099129496268
286665167206240
106038354624880
273439301349815
747718783439523
145050308081211
491864849967428
963060561519144
183832923584018
916717111137523
794896126129602
876116570352128
485006576220846
898671153950910
970357827975102
398386313506453
969366187446431
483460893416185
281211756482082
883821452001482
461716007693283
484065742711630
530463787335493
494747448710426
224055597385376
673279686376030
379253840339201
411790399450424
95273477133931
522381998561297
953183274869678
872184730913469
852977870028235
65238446636219
211141661900822
956239636808597
673319211206263
787476639061059
648204066732359
455652294177807
595354530657253
886995599375351
231818853785294
996238517694447
477718266212005
71633726510882
965952787799144
66697329766512
957973307307186
638873989184165
77232390260917
837231987839212
485166792364351
102996230146251
492240209622516
809793745051693
187542229453266
123118006002975
240472603091923
155247678042969
916959545596614
544141061027478
897067185246881
359496168626700
194999534567213
485821495791280
111577582940073
850232341212124
674920121954516
815119592602524
79435630760495
919147008544080
526020542725523
58378244947395
842835924987265
284687076189587
999970423380631
688506416423403
38633839796415
971009151445272
546621217152952
305731319448730
876697096017836
335505918812364
767380995429236
76849420137325
282356884866435
180856707056725
338629346804455
629712861971466
871662191001726
877046067740649
328387146536228
317487834975923
126698915278257
597412650213663
590425100430032
154677361948294
125763462175937
912606173030311
899155562762683
425110875570758
445876596689559
212814728102329
922217721344258
546137637881692
876115686505534
916054552856746
781688738053286
488872721749636
95887780689689
278949939983190
29169499442660
145481349020159
517252734821029
148954134207160
119569025684531
38788136899493
894345639744170
70910464652972
385292221354528
231727920808121
789018592713167
760265850478137
216260343121607
496911230356198
922661071007379
616570904117268
90978335303129
594051695439342
638702533154389
996534680347557
848203273506424
593280982447775
78012254942179
26921213004101
967715728583459
713820522050475
5778665784223
4937431027828
560029968532788
934142862735270
650047957110881
79020942018608
89428357974462
414653787571614
760436671031991
346767754300023
87913945932373
346964327332749
735574797102584
996537967555278
629093450554669
404857998093402
56102084040796
675172628883353
195438777954063
860446249581220
113556488762716
637594461346667
852941386081082
742722110302434
97427781614843
111559342053877
743888566513062
526759723210231
244049233201276
363638423158980
886686172587874
260691160520654
555541064116526
744379929320491
966177215417530
601092289147477
95550938350942
695322495342364
365407240795339
455256721796520
901276315570563
298269169900635
257970088113139
224138450193147
167851664849327
927265175933632
597633775815112
802513207639381
224860235919118
432314298152229
364025364321804
458646891534041
307292794842568
40894997602920
311569561347073
745654311907304
432017048924094
570545151925916
213781361049703
28948116087395
89559334402020
718738545905158
905952655443211
852559690212129
854843764042247
792315688979638
299535297305020
796403267651517
374890245073070
655029533982157
69749067487771
587757767579980
831674903286815
867196208419888
602830669826020
960517537946752
17236456939986
570315062819437
63497907377414
180631186744932
424530267561230
942510395121032
667112729731974
924517897629819
36828655791274
110956333994747
198183950126740
986201231774420
469400715418052
825285930416811
305901265977219
677824504360301
318970979758336
151432790214949
703101987267761
237992035922050
762137649671573
457668797693000
395302503273893
532375280894730
168860265221518
461222398679938
380702417318366
889462120839120
651277007824839
314362414742740
891842222048354
214452267010753
387896633650532
283329859222257
199050211612182
502624682927624
960854905191689
925609131389261
101644426412527
657608426421873
400541217556685
906761558468536
394266880414824
634546907016196
406280992006620
899533100896137
952325607134627
721000610879303
642199351862042
400012184765877
105715167542084
606965972246830
21690229452264
818110858062898
776391100011802
693556836726885
157368226200752
274745870570856
547374382840596
913838389855821
968535772379918
558803387145481
121869787694614
825802861462556
689398172039430
705365839839662
404417405940378
625197943137645
743943928518496
641896441204297
183036152131328
60994998870034
906044674876460
262269896866159
202811883960230
540806974803784
496042758962763
570204894399661
252417358531049
189527477364868
688333090679597
367579798056062
398681257229287
661919175449593
270160407486483
742457783543574
17871806900856
91992880631315
204683986987849
810134839331272
271931330058001
589251487632471
245004964114474
280958710202181
526371880980501
386180740533414
745071993930088
956862369364697
358673142536485
494124770988322
701227604253661
293637921183072
582998694381403
829382434981504
69645114821894
12919331331746
65568659034993
195400665631758
677871125786876
517381408866618
338981512634672
111188711045571
771909530719843
738853889570069
431528323906101
969878234649260
900030185970239
530622530150592
185351513327894
196542919746420
921802386825248
793261882685857
406039464097641
761162950428476
733907354334576
74212182209293
222023828953677
233476563914191
950712621176925
912481159043387
265949737715279
400658100437586
993834892976467
968960623063323
26085055082506
6582739581268
97041237576408
528192723547964
569670567448085
732271675169060
762729055669008
880476307643117
551740843290348
624244854262064
620716158867561
650650871147683
769628978258301
993471592578896
505628569391315
285844616393647
35581706278708
881334394448445
775150326418543
556035776300875
503221781388702
760549423307995
442473487638109
846974614829023
770503197009051
520731115685315
359180940610579
538633843586294
654059479729865
292842126021800
488979862380832
731852841585383
660119393805136
595879323376576
276988002875090
990491445582431
131646803627890
574384845357771
902271616014437
572969983261891
982591251804556
373576797377371
729082900764917
483257882339112
944934419020575
161500664707683
905616504163442
268633927614775
228442101379265
320671981276925
222803448227270
612855136861645
381680125591490
340311808893147
853383980514043
897988025407394
819857633002773
783517221741970
932717813939267
854772455755845
762386667904322
990858123785719
599976908146027
930712482771415
969118077709588
159510663639049
797070940967033
711931297160609
267738769962453
417343483751128
548629092657564
196557507235744
593929768319601
559949942590440
698397064539017
832541191403105
278214992680139
758214653852594
236717187392702
853048139259780
469185923689878
307532690536201
590491250667403
737735423138320
936888494475337
277980145353140
4013944710681
340512973565418
710358592185443
762080854045495
42219079441451
493458389498486
542540749948953
58478381070758
228679299995211
78983692873304
101232685601813
218215094058976
964754666788311
72151937565972
410271942720310
847304479864598
591166984062324
345674153651140
243606974075966
930933531863701
237615159895522
995123817806923
786778551499492
411631982879686
263467056122710
89553424394530
108121610271421
493625776096810
7951431116560
382920834015377
944522159675422
615361691043769
508263770088964
845726908367287
663867981065214
114434762519049
810079229733214
458743916516810
357005256930424
947820846009151
204719531546505
209640882057809
13995541882085
255552910403661
255308406992338
221063596267195
351313116022769
992527331300062
608184042205438
633323804955219
230230366590521
979010467797481
239167183432123
925488890252778
989848446019035
382838370138913
951336453948787
402537414261005
743638835057158
51634875050784
194703900238294
292967898190569
792902046586783
801152298040174
800859422811538
747289830838160
843954697688975
602318294836149
50551389310721
849812413836220
192606032809399
657462403219
818660052523541
761098570176507
101865110296677
138990043237819
369095376919065
145549059504805
239233533779884
179963747799534
45209796340182
186632041701983
361956611115025
529473498559278
769117483932970
240453611456720
500168830098183
195205839413435
509411813948035
183392474563711
472785848586849
664886105487765
704881314989845
516859798333961
413073482243066
79810921154230
750656883322891
575568796650595
461381403009412
526073285093048
947632102809058
38605673755014
459419955870897
777720116419008
49889890239133
986281845679156
990466605695269
312593049872073
582951308820067
54445802912788
116804613050221
861504751437283
834026847602985
198066753183196
605857304076367
125418288231501
749375876995904
147502369193092
84561903146509
407089184769203
540704885444655
447158240784456
495515998052848
938657126720952
111246758133638
81129611958609
679491933598363
548448024909122
220306383839181
141610635963108
450394868271274
956210680351229
522213494739408
403485185418546
926392495711232
334819378324909
838227043525884
827954461053442
348878536043018
982378982368195
227353121035693
538945956077084
922291947987819
167876464900987
106901384027580
948573710522149
396203040436764
74703441667308
432815680338031
714911292744025
658246319826080
645222333253906
165054077581629
913295604195789
492777911973207
717419634253162
632678960801640
986479824113115
687156439439333
718671275350590
291733587509224
914713811228096
926567385269778
630225790437586
489545707452285
958449254468986
176616551905999
370246686027603
636615453308547
352381109913459
991581657730028
23397465025029
265332204417338
736836759329679
23608206366569
75440200051995
539840532224821
883084373041835
664166202010483
887300782774123
109310680433188
293935893359861
766295408844780
912209765621160
251336320176192
29506177877648
743941904912195
32179004766638
241560056618200
899409447943609
621911148668808
3189017293962
456260648361904
658785263927332
134416864184440
723024735014013
519434320545434
754183282696182
713362824615797
246862351243764
643328843622062
390523372170119
206326625816807
609533714906013
23077028045110
253823519040395
746501443195636
587903850090204
388090680285426
352497548908254
205802478265873
365516942000796
673325940414400
793752616479508
259979333421433
296549538728875
162910713681511
792465162609011
799965412961851
235722333765764
407232127074740
576670176736665
24146696844331
267392408773191
547984290899892
509992011442983
525033426202512
396634411222261
402457275164118
583872137069773
967302269569841
280251970065072
374176254968342
986749059957187
929353429570397
658880576126829
579358072260990
427010872503419
718252141652057
53408387873705
110449942000748
791571062645631
663410486273711
155346509504474
808269945587262
20425822463108
729413954130742
473797761896472
40783224549592
916653621620047
66588401878042
556770112847653
714189871816821
830978178268275
246725146963300
734289981827179
86610779517331
662364846881046
758223363138550
59793036525377
407983000953249
79189917608451
688134305289603
944741991125792
760534972065708
886308319013082
41600615086141
668570414792630
185076023596441
778728059208273
824085873199567
694964405813774
192323055721820
440570978074323
806541852968000
184131411458775
496488689875567
735194436890730
645662045187199
490062983819406
195159997209961
451226309280703
757274073218474
79729817888725
346281742699395
243210428619646
793623156890516
920504480125122
676483046476891
722747842293376
709684399007701
98978754287447
330859880185852
493730768355008
626424382932046
512041134866007
615213466829342
463446693654650
482162436623829
747951963260122
135641782353095
31313313189600
152729891451293
938911178324221
313876621373025
235270904037657
447422805587917
154608327318130
990989643430213
608648182326566
892369328772385
381767719291502
38909537274681
999163049296540
204606091912044
536427048288074
864891109197730
154077830874328
576957828083846
880340310179111
256082807492431
845379926276478
153171727406797
678579594361044
56672741407469
378582485277182
141079310755601
34647642540964
925956087075763
812706840934841
806793311587620
470698155491372
491919505440101
377318363420045
588665626139592
47091299600715
104557212066143
4729768999362
734635549771983
344837820821946
169771590476663
126314747891260
43978080021454
374375564965388
810149017619582
89576425196195
510455231103710
335642948846161
577763226003657
890623513256232
472143969320573
589253839115443
769107569206717
833730170323975
21940756966675
888277674127691
322354456038527
466750431790118
986581581075845
821890140822365
604758091514243
378446166445643
239508247437021
48446636186242
601632249495294
224345984145005
900936387912109
278701463634341
681570407566167
20226970714015
401342566166550
34764977548205
136789963652091
460995121658831
96679515851600
577397471947600
671479954021655
479208218599798
860885049897357
187588046595133
339251633389620
24396354571761
799266315000227
50712821793569
770259719793234
604891902294594
490610597034367
912117601887999
133049305757273
687473724180778
186959713052239
943511335052074
48175203277029
593059492375840
103959665928515
871410045564934
733059259741630
293513495348442
334339916516382
515419390619792
140247193272382
959821493233507
75321456856630
108447318416771
217805967395229
45975023739488
819199024818072
259814891645303
886378640952835
977055150769850
452403132942228
916596183464057
103443131552513
711295332936999
106794769667837
749820460498665
5502853713406
988559492767239
765668633177803
52102533242350
761476685175919
466131796811762
78034759819494
246473845750822
452229919990996
894180649925663
726118364997905
447512740224220
753964680627833
373369461865266
885915973421112
8773388015653
390463672684527
967724765147495
973703058173675
687049690101866
516159196884552
767740098542576
694932085923421
