767185794010107
431793895574148
968997786353201
398966660506827
405601732064806
456655512036829
184975565330392
6223940265659
903142667548136
859538967914685
201325329579932
377585290830112
538403748399708
31223188850604
114919904604115
902672634158494
337834584993525
553175070562984
275418080453137
629738954320498
759874301451226
82212800015287
905182601816566
103649415963344
107397540010385
681618270034315
173743645748666
749022632410919
284699459356260
911389132170381
934828005001959
337480139356360
170640970161726
48535014411762
664372353995038
378809694915931
120173499242827
607623987482934
23219336412840
897323339758757
659533712657835
853140662734405
43100931656649
7495793073061
957472581899254
844962930180759
231933446675205
522154269019569
765408175657237
67151375870695
